kmer,proximal frequency,distal frequency,log-odds score
AAAAA,0.004596982294062291,0.00386388250832085,0.25063588357784455
AAAAC,0.0017960744113203388,0.0020331276257594855,-0.178853658351993
AAAAG,0.0017223146626857118,0.001745548840385381,-0.019331980325511873
AAAAT,0.0034956560250920523,0.003248438392808583,0.10581688517382944
AAACA,0.001595892743185564,0.0019850523490077088,-0.3148133599269135
AAACC,0.0009444845861751007,0.0010938468345854616,-0.21181158215852597
AAACG,0.0005024167357108068,0.0004685996598472737,0.1005286148421928
AAACT,0.001922005689477019,0.0023130519676284184,-0.267185072797851
AAAGA,0.0016757037350562912,0.0017372900987087491,-0.05207157772248453
AAAGC,0.0007415226170940098,0.0008601177307126488,-0.2140434489113862
AAAGG,0.0006873885221980864,0.0006439132738122016,0.09425937182331785
AAAGT,0.0019509535287416063,0.001770325065415277,0.14016512276454374
AAATA,0.00216356477757756,0.0024486161907594753,-0.17855633986620267
AAATC,0.0020080314716983353,0.0017758308931996984,0.17728767578686008
AAATG,0.001888642078121223,0.002068579785151857,-0.13129128498416695
AAATT,0.004296219150516662,0.0033334430022607464,0.36605452817054496
AACAA,0.0016436485006164092,0.0018439822980922307,-0.16592299906546698
AACAC,0.000625894807150149,0.0008332600342032766,-0.41284657877238656
AACAG,0.0005099399029773098,0.0006488819476664355,-0.34762879605045727
AACAT,0.00140372488366076,0.001971086346822835,-0.4897307682611642
AACCA,0.0007729236630759352,0.001063699070253691,-0.4606922173821119
AACCC,0.00047363244356070854,0.0004300588653563244,0.13923376243103347
AACCG,0.0002387787871542246,0.000315913655191492,-0.4038556232716828
AACCT,0.0007127383249439115,0.0009711743057789034,-0.4463577507224442
AACGA,0.0004930945501849227,0.0003856093776333132,0.35472417097825415
AACGC,0.00015422492896331082,0.00017061351707578772,-0.1456959688014214
AACGG,0.000187097898975639,0.00018310234595264585,0.03114308243996294
AACGT,0.0004399417379759344,0.0004812227772066787,-0.12939245115666512
AACTA,0.001180483072383009,0.0015191384588113723,-0.3638760132712229
AACTC,0.0008931307922254935,0.0011305747345620282,-0.34011299427339436
AACTG,0.0007560783102835482,0.0011214431177488417,-0.568748871940054
AACTT,0.002101416874071666,0.0025340236656592793,-0.27006760929877244
AAGAA,0.0018453020927815865,0.0018723843121508919,-0.021019564577466513
AAGAC,0.0005058512251150799,0.0006331701952084527,-0.32388020689635777
AAGAG,0.0008044882561723498,0.0008538733162742198,-0.08595068147608698
AAGAT,0.0017188801732814388,0.001635835150144595,0.07144160576910136
AAGCA,0.0005966198736565831,0.0007909591622010151,-0.40679117397624476
AAGCC,0.00026887145622023646,0.00035875168112394087,-0.4160689875642554
AAGCG,0.0001517717222459729,0.00014912735986828985,0.02535804815742799
AAGCT,0.0011850623915887065,0.0012134978725347153,-0.03420856255724733
AAGGA,0.0006471559320337443,0.0006290743964907733,0.04088272580780802
AAGGC,0.0002294566016283405,0.0002912717186441429,-0.344144313475538
AAGGG,0.0002817916782648829,0.0002866387659962762,-0.024604730445853748
AAGGT,0.0006095400957012295,0.0006018809787750338,0.01824290079529329
AAGTA,0.001057168548058156,0.001218130825182582,-0.2044636756170864
AAGTC,0.000676267318412821,0.0007676601104791346,-0.18287404889785075
AAGTG,0.000779465547655503,0.0008981213712734107,-0.204425165313775
AAGTT,0.002484934857548828,0.0022580608340254786,0.13812367806872058
AATAA,0.0020091763014997597,0.0021529129521912858,-0.09968582536884434
AATAC,0.0007506812555054047,0.000997159127151721,-0.4096232896077513
AATAG,0.000911120974819305,0.0010455029808685912,-0.19848264839859572
AATAT,0.002379283421588808,0.002864574765448379,-0.267793855975761
AATCA,0.0018027798430143957,0.0017588434001575204,0.035596187225510896
AATCC,0.0008499543540003461,0.0008018365292873109,0.08407722086884484
AATCG,0.0008283661348877724,0.00043314750045490223,0.935410182754859
AATCT,0.002881209515956147,0.002503070170432228,0.2029758385529528
AATGA,0.0016685076620187667,0.0018335077964535755,-0.13604808910838662
AATGC,0.0006868978808546187,0.0009151760085568621,-0.41395359856225
AATGG,0.0009716334071803071,0.0009778887299062464,-0.009258221668516147
AATGT,0.0020842444270503004,0.002281561318471179,-0.13049694996943617
AATTA,0.002715045647635125,0.002356292859008508,0.20445759399462896
AATTC,0.002116136114375693,0.0016202576861691592,0.38520914972890324
AATTG,0.0027019618784759896,0.0019768607515723504,0.4507960676594877
AATTT,0.0058891680456414205,0.0041904049536335445,0.49097417071666494
ACAAA,0.0016878062215284918,0.0018188703518559675,-0.10789343558806745
ACAAC,0.0005496818517981842,0.0007493297326114879,-0.4470038488317112
ACAAG,0.0006746318472679291,0.0008229869652884416,-0.2867691558937847
ACAAT,0.0012719059093824689,0.0014705931723706818,-0.2094062423083848
ACACA,0.0007562418573980374,0.0009879603660972612,-0.38560546294226705
ACACC,0.00023370882660505955,0.00032947679192872506,-0.4954646243955742
ACACG,0.00019625653738703392,0.00020734141705235437,-0.07926761619536266
ACACT,0.0006873885221980864,0.0009308206167735715,-0.4373774031588794
ACAGA,0.0005781390497193041,0.0006738596054201517,-0.22103152513557453
ACAGC,0.00016011262508492183,0.0002648840318236846,-0.7262738047202891
ACAGG,0.00011971648780609069,0.0001804165763017086,-0.5917100371522869
ACAGT,0.0004965290395891959,0.000690578521497236,-0.47592736741999303
ACATA,0.0011801559781540307,0.001559156426610337,-0.40178812815223547
ACATC,0.000561293696926917,0.0008513889793471028,-0.6010625569503871
ACATG,0.0008870795489893934,0.0012454585313808684,-0.48954159726838803
ACATT,0.0016701431331636587,0.0022347617823035982,-0.42014930481788954
ACCAA,0.0008694164606245602,0.001020189601908508,-0.23071798605281785
ACCAC,0.00028440843209670997,0.0004036711785358661,-0.5052163460329406
ACCAG,0.00022471373530815383,0.00032403810838557717,-0.5280751808208147
ACCAT,0.00067037962229121,0.001008506503926931,-0.5891701871900186
ACCCA,0.0003194075145973977,0.0003461285637645359,-0.1159097477918423
ACCCC,0.00010139921098330085,0.00015120883134776622,-0.5764959762291553
ACCCG,7.670359669543242e-05,0.00010655791090093472,-0.47427156974296875
ACCCT,0.00044975456484528607,0.0004587294563800794,-0.028505625744269424
ACCGA,0.0002232418112777511,0.00022560465067872755,-0.015189551282070921
ACCGC,6.672722271159153e-05,9.413622626535001e-05,-0.49647456146229085
ACCGG,0.00012069777049302587,0.00013791427157562692,-0.19237272968096233
ACCGT,0.00020754128828678837,0.00025635671318195887,-0.3047543029859948
ACCTA,0.0004517171302191564,0.0005762318786085833,-0.3512298509134979
ACCTC,0.0003197346088263761,0.00048055133479394437,-0.587815641545184
ACCTG,0.0002647827783580066,0.00047061398708547666,-0.829734908053773
ACCTT,0.0008358893021542753,0.0011793214537265389,-0.4965732125494949
ACGAA,0.0005254768788537833,0.0003725162505849942,0.4963239237246462
ACGAC,0.0001741776769309926,0.00015275314889705513,0.18935761571661608
ACGAG,0.0002363255804368867,0.0002084828691540027,0.18084695485703445
ACGAT,0.0005081408847179286,0.0003477400255550982,0.5472194135678292
ACGCA,0.00016338356737470575,0.00018478095198448162,-0.17755315633284277
ACGCC,7.670359669543242e-05,7.38586654007739e-05,0.0545270346801912
ACGCG,5.8876961216110176e-05,4.256944896735514e-05,0.46788479676710426
ACGCT,0.00016681805677897884,0.00020445421467759684,-0.2935023453579998
ACGGA,0.0001866072576321714,0.00015731895730364842,0.24631256800238296
ACGGC,7.703069092441081e-05,7.882733925500779e-05,-0.033262712920432355
ACGGG,7.228782460422416e-05,7.265006905785215e-05,-0.007211493858546968
ACGGT,0.0002001816681347746,0.00021083291759857277,-0.07479027050950081
ACGTA,0.0003334725664434685,0.00034800860252019196,-0.061554887791265896
ACGTC,0.00018268212688443073,0.00018739957739414542,-0.036782208005915785
ACGTG,0.00022487728242264303,0.0002522609144642796,-0.16577876676555003
ACGTT,0.0006000543630608562,0.0006006052381908387,-0.0013238471138911129
ACTAA,0.0011790111483526062,0.0015421017893268857,-0.3873206361481648
ACTAC,0.00046643637052318394,0.0006161155579250012,-0.40152067899510013
ACTAG,0.0006499362329800606,0.0007626242923836272,-0.23067430859835433
ACTAT,0.0010774483902548163,0.0013920344100807678,-0.36957610808150765
ACTCA,0.0007372703921172907,0.0009995091755962912,-0.43902598986452923
ACTCC,0.00028244586672283964,0.00038983946483353934,-0.46490575852090066
ACTCG,0.00030795921658315404,0.0002929503246759787,0.07208325681456494
ACTCT,0.0013433759984142473,0.0015615736192961807,-0.2171374276371077
ACTGA,0.0008638558587319277,0.001172338452634102,-0.44052662177287255
ACTGC,0.0002554605928321225,0.00047363547794278103,-0.8906763917074356
ACTGG,0.0003385425269926335,0.0004747769300444293,-0.4879127610077992
ACTGT,0.0009181535007423404,0.0011844244160633198,-0.3673788613555217
ACTTA,0.0012094309116475964,0.0016649086066159906,-0.46111462608224035
ACTTC,0.0009297653458710731,0.0012024190727245993,-0.37100123854709743
ACTTG,0.0013772302511135105,0.0016504054505009297,-0.26105071544950675
ACTTT,0.0027217510793291822,0.00297321414782879,-0.12748824845817602
AGAAA,0.0020772119011272646,0.002027688942216337,0.0348120437364143
AGAAC,0.0006873885221980864,0.0007806189490449067,-0.18349272150307477
AGAAG,0.0008967288287442558,0.0009004042754767074,-0.0059011279182004835
AGAAT,0.0016178080565271162,0.001495235108918031,0.11366810074168329
AGACA,0.0005385606480129189,0.0006763439423472687,-0.32864827162571786
AGACC,0.0002325639968036352,0.0003069834711021257,-0.4005332080182263
AGACG,0.00017188801732814386,0.0001677263147010302,0.03535992293105786
AGACT,0.0006592584185059448,0.0008161382526785517,-0.3079694744881751
AGAGA,0.0011680534916818303,0.0010491287698973567,0.15491457983872825
AGAGC,0.00034802825963300683,0.000366876134318026,-0.07608860221206404
AGAGG,0.00034083218659548224,0.00035264155516805866,-0.0491409080375418
AGAGT,0.0008931307922254935,0.0009057086705373084,-0.020175606302224525
AGATA,0.0011314189380362506,0.001296823875955043,-0.19684933324906942
AGATC,0.001158567759041457,0.0007516126368147846,0.6242811949330985
AGATG,0.0009181535007423404,0.0009844688655510428,-0.10061021111319583
AGATT,0.0028413040200207834,0.00202950183673072,0.4854275627076376
AGCAA,0.00064601110223232,0.0007379823558362782,-0.1920273647699995
AGCAC,0.00016730869812244643,0.0002700541384017388,-0.6907362059831864
AGCAG,0.0002485916140235763,0.00034203276504685663,-0.4603569053664104
AGCAT,0.0005689804113079091,0.0008509861138994622,-0.5807566059971228
AGCCA,0.0002884971099589399,0.00037721634747413436,-0.386835332992041
AGCCC,0.00010417951192961717,0.00012294110577165183,-0.2388957829642
AGCCG,7.539521977951886e-05,8.762323486182722e-05,-0.2168404204510721
AGCCT,0.00029160450513423457,0.0004420105403029951,-0.6000677642166554
AGCGA,0.0001905323883799121,0.00014462869570297,0.39768243557427174
AGCGC,4.072323150780954e-05,5.324538332983064e-05,-0.38680439305906056
AGCGG,6.067597947549132e-05,6.888999154654002e-05,-0.18316890840941402
AGCGT,0.00016812643369489239,0.00018243090353991154,-0.11780357045126005
AGCTA,0.0007791384534265247,0.0008795224164406703,-0.17484062927516397
AGCTC,0.0006536978166133122,0.0005797233791548017,0.1732592105358296
AGCTG,0.0005923676486798641,0.0006390117441992412,-0.10934959423005002
AGCTT,0.0016770121119722048,0.0015287400853134729,0.13354996644764996
AGGAA,0.0007636014775500512,0.0007356994516329815,0.053703378304914104
AGGAC,0.00020884966520270194,0.00023688488321266395,-0.18172130527796004
AGGAG,0.00034819180674749604,0.0003289396379985376,0.08205938874627958
AGGAT,0.0007344900911709745,0.0006577449875145283,0.15921467879243165
AGGCA,0.00022062505744592398,0.00028898881444084626,-0.3894169990315197
AGGCC,9.878245715147374e-05,0.00013912286791854868,-0.49403281778463826
AGGCG,7.277846594769174e-05,7.379152115950047e-05,-0.019943414518634208
AGGCT,0.00036552780088335067,0.0004378475973440424,-0.26044765774946255
AGGGA,0.00032071589151331126,0.00030114192211133726,0.0908522809623619
AGGGC,0.00011922584646262311,0.00011145944051389517,0.0971782086694868
AGGGG,0.00012429580701178814,0.0001267683275242374,-0.02841671045405669
AGGGT,0.0007469196718721533,0.000357677373263566,1.0622942393940413
AGGTA,0.00031351981847578666,0.0003460614195232625,-0.14247146961463256
AGGTC,0.00029323997627912654,0.000297516133082572,-0.02088610804073384
AGGTG,0.0003032163502629674,0.0003203451751155384,-0.07927971178193713
AGGTT,0.0011739411878034412,0.0009095358922898939,0.3681576579733138
AGTAA,0.0010525892288524585,0.0012208165948335192,-0.21390394137750623
AGTAC,0.000374195797951278,0.0004936444618422634,-0.3996789839338085
AGTAG,0.0007009629327006894,0.0007674586777553143,-0.1307509178484563
AGTAT,0.0011050878526034902,0.0013256958997026182,-0.26258880879072866
AGTCA,0.0006290022023254438,0.0007722930631270013,-0.2960833444725726
AGTCC,0.00024646550153521675,0.000337265523916443,-0.45249912749716875
AGTCG,0.00022831177182691613,0.0002060656764681592,0.1479010263200043
AGTCT,0.0010133379213750518,0.0011421906883023318,-0.17268817321463553
AGTGA,0.0009637831456848257,0.0009612369580704357,0.0038164530120592195
AGTGC,0.00023141916700221082,0.000337265523916443,-0.5433764913757481
AGTGG,0.0004610393157450405,0.00048572144137199857,-0.07523938950851564
AGTGT,0.001130110561120337,0.0011209059638186542,0.011798670287425187
AGTTA,0.0013966923577377248,0.001570369514903,-0.16908979089435666
AGTTC,0.0010064689425665057,0.0010431529324240213,-0.05164802650881075
AGTTG,0.0012457383710641977,0.0013130727823432132,-0.07594577906263877
AGTTT,0.003735089000704234,0.0033223642024506304,0.16893238802748536
ATAAA,0.002320733554601676,0.002376436131390537,-0.03421873344333182
ATAAC,0.0009260037622378217,0.001248681454961993,-0.4313155248840794
ATAAG,0.0010058147541085489,0.0011626025376494547,-0.20899334139378928
ATAAT,0.0023426488679432283,0.0024737281369957382,-0.07854622716174935
ATACA,0.0010686168460723997,0.0013637666845046535,-0.35185218114917616
ATACC,0.000380901229645335,0.0005687788678272325,-0.5784509193707715
ATACG,0.00032202426842922483,0.0003182637036360621,0.01694678269276903
ATACT,0.0010916769892153763,0.001529680104691301,-0.4866839323011299
ATAGA,0.0012951295996399346,0.0013093798490731745,-0.015787210410257695
ATAGC,0.0004968561338181742,0.0006118183264835017,-0.30027514662919186
ATAGG,0.0004739595377896869,0.0004884743552642092,-0.04351892254924251
ATAGT,0.0012985640890442079,0.0014562243047381677,-0.16531537523055478
ATATA,0.003442339665768575,0.0036425079448423486,-0.08154265966176141
ATATC,0.0013062508034252,0.0017386329835342178,-0.41252149475261896
ATATG,0.0018269848159587967,0.002271825403486532,-0.3143873199143452
ATATT,0.0029804826144510885,0.0036234389803206945,-0.28181364125528374
ATCAA,0.0017964015055493172,0.0017777780761966278,0.015034595612143492
ATCAC,0.0007336723555985285,0.0008728751365546007,-0.2506393671400701
ATCAG,0.0007528073679937642,0.000784244738073672,-0.05902319596665655
ATCAT,0.00197663042571641,0.002220862924359998,-0.16807719701519652
ATCCA,0.0008437395636497567,0.0008678393184590934,-0.04063019836014881
ATCCC,0.0003231690982306492,0.00037265053906754107,-0.20553409396331615
ATCCG,0.00032693068186390064,0.00023708631593648424,0.463572381561864
ATCCT,0.0008493001655423892,0.0010439586633193025,-0.2977181516745657
ATCGA,0.0008985278470036369,0.00046551102474869587,0.9487478804639058
ATCGC,0.000264292137014539,0.00017538075820620132,0.5916430317822006
ATCGG,0.00033445384913040365,0.00020116414685519875,0.7334339499471969
ATCGT,0.0007393965046056503,0.0005065361561667622,0.54568297222072
ATCTA,0.0016027617219941104,0.0016288521490521583,-0.023295696259333164
ATCTC,0.0018520075244756434,0.0015889684697357404,0.22099946285685776
ATCTG,0.0017126653829308493,0.0014438697643438564,0.24630268974331732
ATCTT,0.0031945657873174447,0.0033472747159630735,-0.06736710998452346
ATGAA,0.0019754855959149857,0.002030307567626001,-0.03949096816595828
ATGAC,0.0005493547575692058,0.0007924363355090306,-0.5285569321883512
ATGAG,0.0008829908711271634,0.0009608340926227951,-0.12188881958793676
ATGAT,0.0025374334812998593,0.0024784953781261517,0.033905434123251345
ATGCA,0.0008533888434046192,0.001159715335274697,-0.44249556862821615
ATGCC,0.0002618389302972011,0.00040830413118373283,-0.6409645510949612
ATGCG,0.00024499357750481403,0.00023184906511715663,0.07955802018220148
ATGCT,0.001020206900183598,0.0014055304025767275,-0.4622528969603304
ATGGA,0.0010210246357560439,0.0010054178688283532,0.02222244192311599
ATGGC,0.00034671988271709327,0.0004553051000751344,-0.3930630491847902
ATGGG,0.00048720685406331173,0.00042750738418793405,0.1885850899425301
ATGGT,0.0011279844486319775,0.001324890168807337,-0.23212558997831942
ATGTA,0.0015582769068530494,0.0016823661093470826,-0.11054006885008988
ATGTC,0.0008443937521077135,0.0010947868539632896,-0.3746622072976311
ATGTG,0.0015447024963504462,0.0016377823331415245,-0.08441462315717929
ATGTT,0.0031937480517449986,0.003483443237265591,-0.12526354878107113
ATTAA,0.0022507353896003006,0.0022647752581528217,-0.008971438930467443
ATTAC,0.0012197343798604158,0.0012905123172753405,-0.08137690331063493
ATTAG,0.0018896233608081583,0.0014901321465812503,0.34265842936800706
ATTAT,0.002824295120113907,0.003019812251272551,-0.09656800809164298
ATTCA,0.0020667448857999565,0.0019338212929160812,0.09590583727769515
ATTCC,0.0009016352421789317,0.0008979199385495904,0.005957091835247632
ATTCG,0.0010079408665969083,0.0005292980539584552,0.929258747146677
ATTCT,0.002874994725605558,0.002791656119425433,0.042438070269964066
ATTGA,0.002955623453048731,0.002258933709162033,0.3878205476720697
ATTGC,0.0010115389031156708,0.0010567832134025278,-0.06312764916191838
ATTGG,0.0015265487666421456,0.0012068505926486456,0.3390265957579997
ATTGT,0.0028949474735732394,0.002758554008477632,0.06962494532478206
ATTTA,0.0032657087821202444,0.0031115312848520576,0.06977139319931572
ATTTC,0.0032298919640471107,0.0027586211527189054,0.22753856740258324
ATTTG,0.004316008351369854,0.0033752067203328207,0.3547217912027878
ATTTT,0.007407539456559106,0.006254956084308995,0.2439946504338206
CAAAA,0.0021777933765381196,0.0021423041620700837,0.02370375439419875
CAAAC,0.0008136468945837448,0.0010342898925759284,-0.34616586690177537
CAAAG,0.0008970559229732342,0.0009218904326842052,-0.03939736916707091
CAAAT,0.0019754855959149857,0.0019310683790238704,0.032808076121692266
CAACA,0.0006986732730978408,0.000890064062320599,-0.349291224957061
CAACC,0.0002817916782648829,0.0003978296295450776,-0.49752172187119886
CAACG,0.0002165363795836941,0.00020230559895684707,0.09807317978959142
CAACT,0.000759349252573332,0.001049665923827544,-0.46709474400920664
CAAGA,0.0007356349209723988,0.0009126245273884718,-0.311031460829567
CAAGC,0.0003300380770391954,0.0004136756704856073,-0.325867630631487
CAAGG,0.00027197885139553115,0.0003169208188105935,-0.22062796038509797
CAAGT,0.0009163544824829592,0.0010349613349886627,-0.17559916781494617
CAATA,0.000987497477285759,0.0012427056174886576,-0.33163561147483384
CAATC,0.0009865161945988238,0.0009313577707037589,0.08300726487998407
CAATG,0.000942194926572252,0.0010931753921727273,-0.2144274210074869
CAATT,0.002416245069463366,0.0017846267888065178,0.4371443872134662
CACAA,0.0007585315170008861,0.0009343121173197899,-0.3006954529961294
CACAC,0.0004260402332443528,0.0005392354016669229,-0.33992553661922664
CACAG,0.00024335810635992206,0.0003347811869893261,-0.4601376258066326
CACAT,0.0008267306637428803,0.001140512082270496,-0.46419242725968957
CACCA,0.000395129828605895,0.000492637298223162,-0.31819909991996653
CACCC,0.00010745045421940107,0.00017363500793309212,-0.6923862689110879
CACCG,0.00012118841183649345,0.00011468236409501985,0.07960820326218024
CACCT,0.000303706991606435,0.00046497387081850843,-0.6144695253116556
CACGA,0.00023370882660505955,0.00018296805747009898,0.3531204171210021
CACGC,9.240411968639513e-05,0.00010098493887523996,-0.12811106379825066
CACGG,9.191347834292755e-05,9.957490980849791e-05,-0.11550583165686767
CACGT,0.00024711968999317356,0.000255752415010498,-0.049537896821674136
CACTA,0.000573886824742585,0.0007515454925735112,-0.38909418255893274
CACTC,0.0004942393799863471,0.0005763661670911301,-0.22177568501485584
CACTG,0.0004939122857573687,0.0006220242511570631,-0.33271597319995855
CACTT,0.0010524256817379693,0.0013575222700662243,-0.36725750624143094
CAGAA,0.0006916407471748054,0.0007952563936425147,-0.20139719957191538
CAGAC,0.00019576589604356634,0.00028308012120878434,-0.5320809841168758
CAGAG,0.00042146091403865533,0.00043798188582658927,-0.05547236074684456
CAGAT,0.0008929672451110043,0.0007471811168907382,0.25714926184181264
CAGCA,0.00019887329121886103,0.000329006782239811,-0.7262677898695106
CAGCC,9.927309849494133e-05,0.00015503605310035178,-0.6431290209415965
CAGCG,6.427401599425361e-05,7.453010781350821e-05,-0.213587728402025
CAGCT,0.00045695063788281067,0.0005391011131843761,-0.23851756208712913
CAGGA,0.00019838264987539345,0.0002577667422487009,-0.3777802791496024
CAGGC,8.340902838948942e-05,0.0001267683275242374,-0.6039188819261464
CAGGG,9.71469860065818e-05,0.00011891245129524598,-0.2916586453743115
CAGGT,0.00018840627589155256,0.00024077924920652292,-0.35386404084922557
CAGTA,0.0003905505094001975,0.0005883849862790743,-0.5912512917086931
CAGTC,0.0002629837600986255,0.00039353239810357803,-0.5815087002429309
CAGTG,0.0004191712544358066,0.00047692554576517915,-0.1862242761146514
CAGTT,0.0009081771267584995,0.0011810672039996482,-0.3790454511907563
CATAA,0.0011507174975459754,0.0014215778762410773,-0.30495944058607766
CATAC,0.0004687260301260327,0.0007369080479759033,-0.6527396944711004
CATAG,0.0006278573725240193,0.0007419438660714106,-0.24087317374237
CATAT,0.001567108451035466,0.0021639917520014018,-0.46558997605361113
CATCA,0.0009415407381142952,0.0011857001566475149,-0.3326437999185121
CATCC,0.0002943848060805509,0.0004507392916685411,-0.6145900052818609
CATCG,0.0003517898432662583,0.00025810246345506807,0.4467699192261472
CATCT,0.0012153186077692075,0.0015730552845539373,-0.37223479456516145
CATGA,0.0009546245072734308,0.0011883859262984521,-0.31599814590166775
CATGC,0.00042489540344292843,0.0006271943577351173,-0.5618048444410786
CATGG,0.0005104305443207773,0.0006278658001478516,-0.2987415678504773
CATGT,0.0013183532898974003,0.0016279792739156036,-0.3043452995934563
CATTA,0.0012419767874309463,0.0016154904450387457,-0.37933400786751315
CATTC,0.0008764489865475956,0.001243377059901392,-0.5045218398458838
CATTG,0.0013556420320009368,0.0015784939680970852,-0.21957247395927618
CATTT,0.0028354163238991726,0.003418179034747816,-0.2696673818711914
CCAAA,0.0010761400133389026,0.0011276203879459971,-0.06741567309463038
CCAAC,0.00032235136265820324,0.00044167481909662795,-0.4543505012150796
CCAAG,0.0003591494634182721,0.00043670614524239404,-0.2820784724929922
CCAAT,0.0008803741172953363,0.0008414516316386351,0.06523638622521365
CCACA,0.000354079502869107,0.0004554393885576813,-0.36318573728176134
CCACC,0.00017270575290058985,0.0002319833535997035,-0.4257051453403307
CCACG,0.00010368887058614959,0.00010367070852617718,0.00025272344816354046
CCACT,0.00041884416020682825,0.000538161093806548,-0.3616245368676051
CCAGA,0.000297001559912378,0.00030879636561650833,-0.05618526451218183
CCAGC,0.00011153913208163094,0.00016201905419278858,-0.5386135406147422
CCAGG,7.375974863462692e-05,0.00011199659444408261,-0.6025492196124459
CCAGT,0.0002662547023884094,0.0004004482549547414,-0.5888088274403585
CCATA,0.0005444483441345299,0.0007601399554565103,-0.4814698929315938
CCATC,0.00042522249767190683,0.0005640116266968189,-0.40750697406083136
CCATG,0.00046692701186665155,0.0006232999917412584,-0.41672964230111226
CCATT,0.001064691715324659,0.0013273073614931805,-0.31806673669894964
CCCAA,0.0004244047620994609,0.0004209943927844113,0.011639826132678707
CCCAC,0.00016518258563408687,0.00020969146549692445,-0.3442065458045795
CCCAG,0.00010859528402082544,0.00011978532643180058,-0.1414897379965431
CCCAT,0.00034999082500687716,0.00044335342512846375,-0.3411401187473675
CCCCA,0.00017646733653384132,0.00019827694448044123,-0.1681157610691007
CCCCC,9.289476102986273e-05,0.00010635647817711442,-0.1952387699980907
CCCCG,4.366707956861505e-05,4.585951678975325e-05,-0.07067510602569965
CCCCT,0.00019380333066969599,0.00025716244407724006,-0.4080866024498614
CCCGA,0.00011366524456999048,9.521053412572491e-05,0.25559808094819036
CCCGC,4.317643822514746e-05,5.062675792016684e-05,-0.2296558633333741
CCCGG,5.609666026979386e-05,5.123105609162772e-05,0.1308962499151186
CCCGT,8.046518032868391e-05,0.00011380948895846525,-0.5001843221076296
CCCTA,0.0003643829710819263,0.00033498261971314636,0.12136929390844332
CCCTC,0.00025889508223639557,0.0003213523387346399,-0.31178841082448094
CCCTG,0.00017908409036566846,0.00026938269598900447,-0.5890200055468081
CCCTT,0.0005787932381772609,0.0007381837885600984,-0.35093198703569417
CCGAA,0.0002510448207409142,0.00020881859036036985,0.2656948058164135
CCGAC,0.00011530071571488243,8.426602279815568e-05,0.4523785290248585
CCGAG,0.00012838448487401802,0.00012649975055914367,0.0213363247430428
CCGAT,0.00042391412075599327,0.00020579709950306548,1.0425493748833177
CCGCA,7.604940823747565e-05,0.00010622218969456756,-0.4820762479005613
CCGCC,6.296563907834004e-05,5.478970087911955e-05,0.20066002418760476
CCGCG,4.1540967080255515e-05,2.8670591023754963e-05,0.5349631577285123
CCGCT,0.00010221694655574683,0.0001217996536700035,-0.2528756304022362
CCGGA,0.00015275300493290808,0.00011038513265352027,0.46865488660481586
CCGGC,7.032525923035382e-05,4.888100764705764e-05,0.5247689399676008
CCGGG,5.069960549165043e-05,5.25067966758229e-05,-0.05052966145627805
CCGGT,0.000187097898975639,0.00016846490135503792,0.1513453119460535
CCGTA,0.00016665450966448964,0.00017484360427601385,-0.0692046664229847
CCGTC,0.00013263670985073708,0.00012562687542258907,0.0783349915533256
CCGTG,0.0001416318011476428,0.0001381157042994472,0.036267866778627596
CCGTT,0.00037566772198168076,0.00034928434310438713,0.10505518801176948
CCTAA,0.0006850988625952376,0.0007394595291442936,-0.1101590003773434
CCTAC,0.00020590581714189643,0.00029959760456204834,-0.5410414999482872
CCTAG,0.00032104298574228967,0.0003619746047050656,-0.17312200618809018
CCTAT,0.0004582590147987242,0.0006662723061562541,-0.5399486672107588
CCTCA,0.00039496628149140577,0.0005356767568794311,-0.4396332037871911
CCTCC,0.00027279658696797716,0.00030684918261957884,-0.1697041459239316
CCTCG,0.0001810466557395388,0.00014959736955720386,0.27527672001835723
CCTCT,0.0009117751632772617,0.0009995091755962912,-0.13254170034172083
CCTGA,0.0004106668044823685,0.0005611244243220614,-0.45035237667507627
CCTGC,0.00015635104145167035,0.0002895259683710337,-0.8889039241949203
CCTGG,0.0001612574548863462,0.00023460197900936728,-0.5408493259620114
CCTGT,0.0003799199469583998,0.0006010081036384793,-0.6616889836253371
CCTTA,0.0006808466376185185,0.0009418322723424141,-0.46814029391205414
CCTTC,0.0006553332877582041,0.0007680629759267752,-0.22899579143963658
CCTTG,0.0006263854484936166,0.0008604534519190159,-0.4580464507897834
CCTTT,0.0017264033405479417,0.0019882752725888333,-0.20374794734450907
CGAAA,0.0006965471606094812,0.0004826999505146942,0.5290943567513748
CGAAC,0.00020410679888251528,0.0001720906903838032,0.24615518614750762
CGAAG,0.0002541522159162089,0.00018108801871444293,0.48900171274894316
CGAAT,0.0008311464358340886,0.00041078846811084976,1.016706999071989
CGACA,0.00018546242783074705,0.00017229212310762348,0.10627020042938314
CGACC,0.00011546426282937162,9.225618750969395e-05,0.32372881502991696
CGACG,0.00010843173690633624,5.196964274563546e-05,1.0610460345450141
CGACT,0.00021768120938511846,0.00020801285946508868,0.06554415769916022
CGAGA,0.0003622568585935668,0.00022533607371363383,0.6849347135793943
CGAGC,0.000129202220446464,0.00011018369992969999,0.22972005012758928
CGAGG,0.0001259312781566801,9.950776556722448e-05,0.3397556338532665
CGAGT,0.0003439395817707769,0.0002772385722179959,0.3110271621324389
CGATA,0.0003555514268995098,0.00033296829247494346,0.09467344559067595
CGATC,0.0005426493258751488,0.0002149958605575255,1.3357113090164432
CGATG,0.0004006904304985276,0.00027045700384937935,0.5670887964599851
CGATT,0.0014485367930307995,0.0005460841142768129,1.4074012355468164
CGCAA,0.0001743412240454818,0.0001796779896477009,-0.04349994730544828
CGCAC,6.705431694056992e-05,8.050594528684355e-05,-0.26376511333194075
CGCAG,7.703069092441081e-05,8.62803500363586e-05,-0.1635986638916206
CGCAT,0.00021555509689675893,0.0002171444762782753,-0.010598577888773176
CGCCA,0.0001161184512873284,0.00010320069883726318,0.17014449527810985
CGCCC,2.91113863790767e-05,2.9744898884129855e-05,-0.031058727011783676
CGCCG,8.602578222131653e-05,2.846915829993467e-05,1.59536926530594
CGCCT,0.00012478644835525572,0.00012065820156835518,0.04853528390142527
CGCGA,8.06287274431731e-05,4.142799686570682e-05,0.9606878878053302
CGCGC,3.0910404638457846e-05,2.0076128140755814e-05,0.6226114805998046
CGCGG,3.22187815543714e-05,2.7797715887200362e-05,0.21293559253388758
CGCGT,8.782480048069768e-05,5.270822939964319e-05,0.7366001647832601
CGCTA,0.0001516081751314837,0.00015778896699256243,-0.057648782249994465
CGCTC,0.00013721602905643454,0.00012421684635584702,0.1435881756129853
CGCTG,0.00014343081940702395,0.00013536279040723652,0.08352383952165332
CGCTT,0.0003812283238743134,0.0003237695314204834,0.235688084103177
CGGAA,0.0002781936417461206,0.0001941140015214885,0.5191852627631723
CGGAC,6.378337465078603e-05,6.190699045410321e-05,0.04307810389710974
CGGAG,0.00014817368572721062,8.916755241111613e-05,0.7326985392761474
CGGAT,0.0003586588220748045,0.0002304390360504146,0.6382269897508847
CGGCA,7.42503899780945e-05,7.285150178167244e-05,0.027439890535909884
CGGCC,4.808285165982331e-05,3.8809371456043015e-05,0.3091173929125222
CGGCG,7.850261495481357e-05,2.8939167988848684e-05,1.4397172670962572
CGGCT,0.000135089916568075,0.000127641202660792,0.08182588534773018
CGGGA,0.00010777754844837947,8.131167618212473e-05,0.4065222358905597
CGGGC,2.7966556577652333e-05,3.283353398270767e-05,-0.231467409489499
CGGGG,4.579319205697458e-05,4.256944896735514e-05,0.10531471738239605
CGGGT,0.00012527708969872333,0.0001252911542162219,-0.0001619583499647345
CGGTA,0.00014310372517804557,0.00015087311014139906,-0.07627447188337927
CGGTC,0.00011153913208163094,0.00010803508420895019,0.04605004887756309
CGGTG,0.00019167721818133646,0.0001377128388518066,0.47701580851923264
CGGTT,0.00047575855604906807,0.0004816927868955927,-0.017883718280381274
CGTAA,0.00039447564014793816,0.000344114236526333,0.1970486331967507
CGTAC,0.00016567322697755448,0.00017269498855526408,-0.05988573794997238
CGTAG,0.00024090489964258413,0.00020270846440448764,0.24905740409906085
CGTAT,0.0004610393157450405,0.0004050812076026081,0.1866786261207507
CGTCA,0.00024319455924543286,0.00022083740954831398,0.13912636979385312
CGTCC,0.00011039430228020658,0.00011723384526341022,-0.08672342111441002
CGTCG,0.0001676357923514248,7.500011750242223e-05,1.1603654544863304
CGTCT,0.0004618570513174865,0.00036479466283854966,0.340361772176693
CGTGA,0.00032742132320736825,0.00026239969489656766,0.3193822374444449
CGTGC,0.00011431943302794725,0.00011817386464123824,-0.04784033757238646
CGTGG,0.0001741776769309926,0.00015261886041450826,0.19062647687218937
CGTGT,0.0004468107167844806,0.0003435099383548721,0.37931194998529033
CGTTA,0.000521878842335021,0.0004370418664487612,0.2559434249672537
CGTTC,0.0003369070558477416,0.0002982547197365797,0.17580567510043704
CGTTG,0.0005781390497193041,0.0004060883712217096,0.5096228060525253
CGTTT,0.0014658727871666541,0.0010879381413533996,0.43016337821434186
CTAAA,0.001448209698801821,0.0016492639983992812,-0.18755183224365743
CTAAC,0.0005688168641934199,0.0009102744789439017,-0.678337394508736
CTAAG,0.0006144465091359054,0.000743421039379426,-0.2748920964181168
CTAAT,0.0017483186538894938,0.0017950341462038995,-0.03804312930765123
CTACA,0.0005724149007121823,0.000714884736838218,-0.32064942248557277
CTACC,0.00022144279301836994,0.0003336397348876778,-0.5913570723982765
CTACG,0.00018840627589155256,0.00017571647941256845,0.10059752297111454
CTACT,0.0008471740530540297,0.0010669219938348158,-0.33272439108512863
CTAGA,0.0007827364899452869,0.0007922349027852103,-0.017401559548731186
CTAGC,0.0003511356548083015,0.00042757452842920746,-0.2841474141080388
CTAGG,0.000463983163805846,0.00035700593085083167,0.3781244147683547
CTAGT,0.0008772667221200416,0.0010066264651712748,-0.1984409851778761
CTATA,0.0011567687407820757,0.001419496404761601,-0.29527872291242807
CTATC,0.0007218969633553064,0.0008783138200977486,-0.28294356909893364
CTATG,0.0009415407381142952,0.0010448315384558571,-0.15017492759122114
CTATT,0.0015257310310696996,0.0017895283184194784,-0.2300787199330216
CTCAA,0.0012009264616941583,0.001205507707823177,-0.0054930645016777364
CTCAC,0.0005524621527445005,0.0006558649487588723,-0.24752314160918054
CTCAG,0.0004659457291797164,0.0005235907934502135,-0.16827780249694768
CTCAT,0.0011742682820324196,0.0015531805891370017,-0.4034635274962381
CTCCA,0.0005758493901164553,0.0006044996041846977,-0.0700498618794766
CTCCC,0.00025006353805397905,0.00029791899853021255,-0.25262541588258236
CTCCG,0.0002731236811969555,0.00013616852130251772,1.0041611809349105
CTCCT,0.0007771758880526544,0.0008102295594464898,-0.0600895776628876
CTCGA,0.0005653823747891469,0.0003150407800549374,0.8436883208107269
CTCGC,0.00019233140663929324,0.00015913185181803106,0.2733717316275797
CTCGG,0.00018628016340319303,0.00016779345894230363,0.15078757619824487
CTCGT,0.0005727419949411607,0.0004271716629815669,0.42306944247088135
CTCTA,0.0012445935412627735,0.0012939366735802854,-0.056092347685420624
CTCTC,0.0022162269484430805,0.0015721824094173827,0.49533701214908155
CTCTG,0.0016575500053479905,0.0013668553196032312,0.27819185148576014
CTCTT,0.002825603497029821,0.0028328826835673196,-0.003711823896766377
CTGAA,0.0012337994317064866,0.001380217023616644,-0.16178724555322183
CTGAC,0.0003234961924596276,0.0005595801067727724,-0.790595943366601
CTGAG,0.0006286751080964654,0.0006360573975832102,-0.016842317792981575
CTGAT,0.0017260762463189633,0.0016455710651292427,0.06890786279262477
CTGCA,0.0004464836225555022,0.0006849384052302678,-0.617366999119538
CTGCC,0.0001519352693604621,0.0002734113504654103,-0.8476163291162057
CTGCG,0.00016289292603123817,0.00013959287760746268,0.2226986197865479
CTGCT,0.0007537886506806995,0.0009505610237079601,-0.3346191739445133
CTGGA,0.000591549913107418,0.0005335952853999547,0.14875398414183258
CTGGC,0.00016894416926733837,0.00026777123419844214,-0.6644544249562996
CTGGG,0.00038188251233227014,0.00019854552144553495,0.9436590370535366
CTGGT,0.0006605667954218583,0.0007618185614883461,-0.2057429873909943
CTGTA,0.0007797926418844814,0.0009455252056124529,-0.27802537620532825
CTGTC,0.0004930945501849227,0.0006803054525824011,-0.4643183443482173
CTGTG,0.0009246953853219082,0.0009050372281245741,0.031001051163417833
CTGTT,0.002243375769448287,0.002248190630558284,-0.0030930763515968278
CTTAA,0.001721660474227755,0.0019425500442816271,-0.17415110673198472
CTTAC,0.0008407957155889511,0.0011801271846218202,-0.489115127096113
CTTAG,0.0011011627218557496,0.0010557760497834263,0.06072383164363377
CTTAT,0.0019398323249563412,0.0025038759013275087,-0.3682311060195916
CTTCA,0.0014671811640825678,0.0015468690304572992,-0.07630402996285789
CTTCC,0.0008035069734854147,0.0008673693087701793,-0.11033585056053481
CTTCG,0.000680355996275051,0.0003672118555243932,0.8896771968450009
CTTCT,0.00318328103641769,0.002881360825766737,0.14376419415163771
CTTGA,0.0016966377657109083,0.0018488838277051912,-0.12397599709992882
CTTGC,0.0006604032483073692,0.0009377364736247349,-0.5058353314759301
CTTGG,0.0008401415271309943,0.0009645270258928337,-0.1991892834960902
CTTGT,0.0022553147088059983,0.0025055545073593448,-0.15180116078009906
CTTTA,0.0023091217094729434,0.0024778239357134174,-0.10172946209974487
CTTTC,0.0021794288476830116,0.0024071881938937684,-0.14339883160989836
CTTTG,0.002682172677622797,0.002621109746590919,0.033224359615335215
CTTTT,0.005050171348311851,0.005269815776345218,-0.061420190423619236
GAAAA,0.0021110661538265283,0.0020373577129597113,0.05127248220896099
GAAAC,0.0011080317006642957,0.001218600834871496,-0.13722647654515183
GAAAG,0.0009575683553342363,0.0009864831927892457,-0.04291899476624356
GAAAT,0.0023397050198824226,0.0018675499267792048,0.32517984007486206
GAACA,0.0007496999728184696,0.0008154668102658174,-0.12131281018948574
GAACC,0.00039104115074366507,0.00048068562327649125,-0.2977732190702588
GAACG,0.00018513533360176867,0.00017108352676470172,0.11387941115241891
GAACT,0.0008543701260915543,0.0010213981982514296,-0.25761231150732344
GAAGA,0.0011247135063421935,0.0009439808880631639,0.2527280004103406
GAAGC,0.0004973467751616418,0.0004851171432005377,0.03591895933223078
GAAGG,0.0003110666117584488,0.00031248929888654707,-0.006583233967948344
GAAGT,0.0008952569047138531,0.0009305520398084778,-0.05578509277624116
GAATA,0.0010754858248809458,0.0011922131480510377,-0.14865367906657376
GAATC,0.0016312189199152302,0.0011353419756924418,0.5228234975549315
GAATG,0.000996656115697154,0.0010411386051858184,-0.06299443432046418
GAATT,0.0029790106904206857,0.0018623798202011506,0.6776859696893985
GACAA,0.0006087223601287836,0.0006933314353894467,-0.18776081212537138
GACAC,0.00025529704571763327,0.00034807574676146537,-0.44722445032987923
GACAG,0.0001906959354944013,0.0002708598692970199,-0.5062725648356281
GACAT,0.0006330908801876736,0.0008924812550064425,-0.49540925482288345
GACCA,0.0003167907607655706,0.0004175700364794663,-0.3984879326504803
GACCC,0.00012854803198850722,0.00015711752457982814,-0.28953658163532375
GACCG,8.569868799233814e-05,9.500910140190461e-05,-0.14879260560495777
GACCT,0.00030681438678172967,0.0003987025046816322,-0.3779465348944424
GACGA,0.00027296013408246636,0.00019418114576276194,0.4912871329883177
GACGC,7.147008903177818e-05,8.117738769957786e-05,-0.18373832917168825
GACGG,8.68435177937625e-05,7.748445442953917e-05,0.16451127273550786
GACGT,0.00018578952205972545,0.00020264132016321423,-0.12525924044516437
GACTA,0.0005280936326856105,0.000658013564479622,-0.3173235776991152
GACTC,0.00043356340051085575,0.00047262831432367955,-0.12446308525176725
GACTG,0.000355714974013999,0.0004912944133976933,-0.46586612731705024
GACTT,0.0010210246357560439,0.0011163401554120608,-0.12875901516924546
GAGAA,0.0012094309116475964,0.0010046792821743454,0.2675933262899441
GAGAC,0.0003941485459189598,0.00041401139169197447,-0.07093101241301446
GAGAG,0.0006330908801876736,0.0005315809581617518,0.2521231868217235
GAGAT,0.0013106665755164082,0.0010294555072042414,0.34841924220711684
GAGCA,0.0003032163502629674,0.00035787880598738627,-0.23912355844417044
GAGCC,0.00013280025696522628,0.00016799489166612392,-0.3391594264038069
GAGCG,7.42503899780945e-05,7.023287637200864e-05,0.0802520816208103
GAGCT,0.000708159005738214,0.0006061782102165335,0.22433133699908772
GAGGA,0.000465618634950738,0.00039944109133563995,0.22116604536909845
GAGGC,0.00015520621165024599,0.00017538075820620132,-0.17630417394848483
GAGGG,0.00016338356737470575,0.000165510554739007,-0.018660332896018757
GAGGT,0.00039284016900304624,0.000365466105251284,0.10420484555737698
GAGTA,0.0006350534455615439,0.0006450547259138499,-0.02254354980192879
GAGTC,0.00045286196002058076,0.00045235075345910345,0.0016294849564865079
GAGTG,0.0005065054135730367,0.00048740004740383436,0.05547129738066987
GAGTT,0.0014451023036265265,0.0013146170998925022,0.13652897339831566
GATAA,0.0012351078086224002,0.0012494200416160008,-0.016621601534540297
GATAC,0.0005622749796138521,0.0006709052588041208,-0.25483320155305966
GATAG,0.0006605667954218583,0.000688564194259033,-0.05988671008729092
GATAT,0.0015209881647495129,0.0017556204765763958,-0.20697207512013913
GATCA,0.0010885695940400814,0.0009830588364843006,0.14708397416873994
GATCC,0.0005951479496261804,0.00044979927229071306,0.4039670298748736
GATCG,0.000521878842335021,0.00022164314044359514,1.2354762006336129
GATCT,0.001993475778508797,0.001268959015826569,0.6516406016236949
GATGA,0.001451480641091605,0.001265668948004171,0.19762523170021679
GATGC,0.0004911319848110524,0.0005742175513703804,-0.225486647586504
GATGG,0.0005522986056300113,0.0005842220433201216,-0.08106830852577555
GATGT,0.001270270438237577,0.0012827235852876223,-0.014074640066700774
GATTA,0.00199085902467697,0.0015331716052375194,0.37687188117153947
GATTC,0.0022723236087128745,0.001385051408988331,0.7142287823707213
GATTG,0.0020768848068982867,0.0014529342369157695,0.5154517954205311
GATTT,0.005131127169984002,0.0030485499865375797,0.7511525799573759
GCAAA,0.00076180245929067,0.0008465545939754158,-0.15218616466867357
GCAAC,0.00028310005518079645,0.00039594959078942155,-0.48400473887844003
GCAAG,0.00030894049927008925,0.0003953452926179607,-0.35578423909180623
GCAAT,0.0007071777230512789,0.0007557755797737374,-0.09588507492504567
GCACA,0.00022209698147632672,0.0003520372569965978,-0.6645383356947865
GCACC,8.929672451110044e-05,0.00016081045784986683,-0.8486820691268532
GCACG,6.852624097097268e-05,8.171454162976531e-05,-0.2539362884375399
GCACT,0.0002165363795836941,0.0003682190191434946,-0.7659547183951713
GCAGA,0.0003228420040016708,0.00037714920323286095,-0.22430708254537612
GCAGC,0.00014817368572721062,0.00020512565709033116,-0.46921869408302
GCAGG,7.539521977951886e-05,0.00012287396153037842,-0.7046342621652302
GCAGT,0.0002646192312435174,0.00039239094600192973,-0.5683738397966841
GCATA,0.0005243320490523589,0.0007869305077246092,-0.5857555085782254
GCATC,0.0003869524728814352,0.0005413168731463993,-0.4843169789344543
GCATG,0.0005022531885963176,0.00062215853963961,-0.30886743948056006
GCATT,0.0008939485277979395,0.00120067332245149,-0.425580007230062
GCCAA,0.00032447747514656276,0.00039420384051631235,-0.280823500384248
GCCAC,0.00014735595015476463,0.00019404685728021507,-0.39709975099766576
GCCAG,8.128291590112988e-05,0.0001394585891249158,-0.7788127287055246
GCCAT,0.0003320006424130657,0.0004535593498020252,-0.4501053115636715
GCCCA,0.00012462290124076655,0.0001263654620765968,-0.02003299465837767
GCCCC,5.069960549165043e-05,6.77485394448917e-05,-0.41821532325528293
GCCCG,2.616753831827119e-05,2.8737735265028393e-05,-0.13516816093694778
GCCCT,0.00014294017806355637,0.00018699671194650485,-0.387601412149959
GCCGA,0.00010401596481512798,7.312007874676617e-05,0.5084654471442851
GCCGC,5.184443529307479e-05,4.572522830720639e-05,0.1811987727041729
GCCGG,6.100307370446971e-05,4.277088169117543e-05,0.5122529885757743
GCCGT,0.0001061420773034875,0.00010313355459598974,0.04148289785481896
GCCTA,0.0002166999266981833,0.0003186665690837027,-0.5563490102791874
GCCTC,0.00020476098734047206,0.00028261011151987036,-0.46487221683160024
GCCTG,0.00013688893482745616,0.00023856348924449972,-0.8013674302040416
GCCTT,0.000465618634950738,0.0006488148034251621,-0.47865793778486876
GCGAA,0.0002261856593385566,0.0001540288894812503,0.554306495711506
GCGAC,7.506812555054047e-05,7.379152115950047e-05,0.024745403041413743
GCGAG,0.00012805739064503964,9.272619719860797e-05,0.46574162360982657
GCGAT,0.0002976557483703348,0.00016893491104395195,0.8171772587836063
GCGCA,5.6423754498772255e-05,6.77485394448917e-05,-0.26388717686398894
GCGCC,3.516262961517691e-05,3.256495701761395e-05,0.11072264309180696
GCGCG,2.6003991203781994e-05,2.027756086457611e-05,0.3588489465361132
GCGCT,6.689076982608072e-05,8.312457069650736e-05,-0.31346783569567915
GCGGA,9.02780071980356e-05,8.070737801066385e-05,0.16167400664382037
GCGGC,5.2662170865520766e-05,4.169657383080054e-05,0.3368381504709722
GCGGG,3.663455364557967e-05,4.491949741192522e-05,-0.2941367480070201
GCGGT,9.224057257190594e-05,0.00011991961491434744,-0.3785942821455925
GCGTA,0.0001643648500616409,0.00015120883134776622,0.1203594045628981
GCGTC,0.0001228238829813854,0.00011065370961861399,0.15053930090789025
GCGTG,0.00013378153965216144,0.00012193394215255038,0.13377927622767044
GCGTT,0.00038220960656124855,0.0003099378177181567,0.3023852407141796
GCTAA,0.0007326910729115933,0.0008796567049232172,-0.2637355689796079
GCTAC,0.0003197346088263761,0.00041602571893017737,-0.37979780601801705
GCTAG,0.0004036342785593331,0.0004360347028296598,-0.11139425955983359
GCTAT,0.0006589313242769664,0.0008294999566919644,-0.33211379462797513
GCTCA,0.0005135379394960721,0.0005642130594206392,-0.13576919443983645
GCTCC,0.00022749403625447014,0.00024198784554944468,-0.0891058606944627
GCTCG,0.0002104851363475939,0.00014368867632514197,0.5507719875090291
GCTCT,0.0008394873386730376,0.0008787166855453892,-0.06588952257618848
GCTGA,0.0006023440226637049,0.0006635193922640434,-0.13955092797093635
GCTGC,0.00027590398214327185,0.0003531787090982461,-0.356232095315262
GCTGG,0.0002423768236729869,0.00027126273474466055,-0.16243911475648648
GCTGT,0.0004917861732690092,0.0006416975138501783,-0.3838622200982727
GCTTA,0.0010552059826842858,0.001135543408416262,-0.1058582076502035
GCTTC,0.0009974738512696,0.0009482781195046635,0.0729687739328111
GCTTG,0.0008993455825760829,0.0009523739182223427,-0.08265251906080992
GCTTT,0.0020770483540127754,0.0020268832113210563,0.03527183939379748
GGAAA,0.00098929649554514,0.0009363264445579929,0.0793913620104772
GGAAC,0.00041491902945908754,0.00041602571893017737,-0.0038428941487924995
GGAAG,0.0004603851272870837,0.000425627345432278,0.113250384888332
GGAAT,0.0010609301316914074,0.0007955249706076084,0.41535052876634154
GGACA,0.00024090489964258413,0.0002857658908597216,-0.24636998988850378
GGACC,0.00013116478582033433,0.00016289192932934319,-0.31253467808875324
GGACG,7.506812555054047e-05,7.661157929298457e-05,-0.02936200229803699
GGACT,0.0003228420040016708,0.00036398893194326847,-0.17306628655252135
GGAGA,0.0005477192864243139,0.00044248054999190914,0.3078226413881382
GGAGC,0.00017941118459464684,0.0001673234492533896,0.10063018795602789
GGAGG,0.0001936397835552068,0.00017699221999676365,0.1296894411977348
GGAGT,0.0004041249199028007,0.00039400240779249206,0.036596870232231266
GGATA,0.0005836996516119367,0.0006175927312330167,-0.08142956575407416
GGATC,0.0006469923849192552,0.0004361689913122066,0.5688615241507715
GGATG,0.0004419043033498047,0.00047867129603828835,-0.11530131571749365
GGATT,0.0017298378299522147,0.0011196973674757324,0.6275279409908809
GGCAA,0.00027263303985348796,0.00031007210620070355,-0.1856433382108618
GGCAC,9.256766680088433e-05,0.0001433529551187748,-0.6309913810991337
GGCAG,0.00011840811089017714,0.00014577014780461833,-0.2999273929551024
GGCAT,0.0002848990734401776,0.0004085055639075531,-0.5199047985487953
GGCCA,0.0001424495367200888,0.00017282927703781093,-0.27889669904500025
GGCCC,5.5606018926326275e-05,6.506276979395447e-05,-0.22659118870054268
GGCCG,5.49518304683695e-05,4.223372776098799e-05,0.3797719464763078
GGCCT,0.00015340719339086484,0.0002180844956561033,-0.5075210740929631
GGCGA,0.0001257677310421909,8.111024345830443e-05,0.6328057792135844
GGCGC,3.025621618050106e-05,3.46464284970903e-05,-0.19547506433010517
GGCGG,6.345628042180764e-05,4.955245005979195e-05,0.3568065667035685
GGCGT,0.00011709973397426357,0.00010474501638655208,0.16085619409148252
GGCTA,0.00032087943862780046,0.0003686218845911352,-0.20011037709648544
GGCTC,0.0002327275439181244,0.0002630039930680285,-0.17644273584742723
GGCTG,0.00021342898440839938,0.0002746870910496055,-0.3640329998539627
GGCTT,0.0006702160751767208,0.0007327451050169506,-0.12868513516730545
GGGAA,0.00048508074157495215,0.0003998439567832805,0.27878782027999083
GGGAC,0.000141795348262132,0.0001465758786998995,-0.04783750119211943
GGGAG,0.0001650190385195977,0.00017155353645361576,-0.05602638614178961
GGGAT,0.0005030709241687636,0.0003912494939002814,0.3626729231913416
GGGCA,0.00011808101666119874,0.00012347825970183927,-0.06448000694792971
GGGCC,5.9858243903045345e-05,6.385417345103271e-05,-0.09323096199968432
GGGCG,2.747591523418475e-05,3.0483485538137595e-05,-0.14986033393531806
GGGCT,0.00019576589604356634,0.00017981227813024773,0.12263792219602815
GGGGA,0.00022700339491100256,0.0001853852501559425,0.29218741056702846
GGGGC,5.1680888178585596e-05,5.982551897462686e-05,-0.21113014276798223
GGGGG,9.829181580800615e-05,8.084166649321071e-05,0.2819722345283201
GGGGT,0.0002613482889537335,0.00019961982930590983,0.3887186755971692
GGGTA,0.00028588035612711274,0.00023849634500322628,0.26144433372732917
GGGTC,0.00024368520058890044,0.00018746672163541886,0.3783841197167083
GGGTG,0.00018971465280746613,0.00020223845471557364,-0.09222623408015686
GGGTT,0.0015239320128103183,0.0006635193922640434,1.199588005237783
GGTAA,0.0005248226903958265,0.0005142577439132067,0.029338481730369202
GGTAC,0.00021735411515614006,0.0002507165969149907,-0.2060100923731908
GGTAG,0.0003192439674829085,0.00033558691788460726,-0.07202711794698098
GGTAT,0.000573886824742585,0.000649889111285537,-0.1794273227402476
GGTCA,0.0003900598680567299,0.0004075655445297251,-0.06333651967333384
GGTCC,0.0001813737499685172,0.00020720712856980752,-0.19210796583218812
GGTCG,0.00015029979821557014,0.00012146393246363636,0.3073150892446303
GGTCT,0.0005987459861449426,0.00062215853963961,-0.055338178151889066
GGTGA,0.000584844481413361,0.0005019032035188954,0.22064388778732485
GGTGC,0.00016093036065736781,0.00020176844502665963,-0.32626403968247114
GGTGG,0.0003323277366420441,0.00030846064441014117,0.1075202759710789
GGTGT,0.0006337450686456303,0.0006322301758306246,0.0034527205873548365
GGTTA,0.0009794836686757885,0.0009180632109316196,0.09342794786544162
GGTTC,0.000811357234980896,0.000694472887491095,0.22441889107971932
GGTTG,0.0008622203875870357,0.0007706816013364389,0.16192172651762005
GGTTT,0.003322132536619017,0.0022796812797155233,0.5432774942962204
GTAAA,0.0011927491059696986,0.001263184611077054,-0.08277489563976367
GTAAC,0.0005861528583292747,0.0007461739532716367,-0.34823505767242846
GTAAG,0.00044991811195977527,0.0005010974726236142,-0.15542881589265017
GTAAT,0.0014184441239647877,0.0013092455605906276,0.1155736075088781
GTACA,0.0004190077073213174,0.0005637430497317252,-0.428060960373671
GTACC,0.0002027984219666017,0.0002640783009284034,-0.38091933509183634
GTACG,0.00017139737598467628,0.00014194292605203276,0.27203407073160385
GTACT,0.0005956385909696479,0.0007505383289544097,-0.3334885221091188
GTAGA,0.0008510991838017705,0.0007768588715335946,0.13167473329978016
GTAGC,0.0003918588863161111,0.00042509019150209054,-0.11743475685781184
GTAGG,0.00026527341970147416,0.0002878473623391979,-0.11782386702286281
GTAGT,0.0008493001655423892,0.0008924141107651691,-0.07143879434662125
GTATA,0.0012454112768352193,0.0013279116596646415,-0.09253692592083512
GTATC,0.0007806103774569274,0.0008145939351292627,-0.06147843099513012
GTATG,0.0008340902838948941,0.0009543882454605457,-0.19437272163833033
GTATT,0.0015191891464901317,0.0016231448885439168,-0.09549028286512055
GTCAA,0.000811357234980896,0.0008393701601591587,-0.048969912954190044
GTCAC,0.00037861157004248625,0.00045476794614494697,-0.264412071695165
GTCAG,0.00025987636492333073,0.0003341768888178652,-0.36278653175166364
GTCAT,0.0007194437566379685,0.0010019263682821348,-0.4778226764511021
GTCCA,0.0003195710617118869,0.0004211286812669581,-0.39812436156998626
GTCCC,0.00015062689244454852,0.00021452585086861149,-0.5101721391661846
GTCCG,0.00010745045421940107,9.024186027149103e-05,0.2518028681204062
GTCCT,0.0003815554181032918,0.0005219121874183778,-0.4519144783402145
GTCGA,0.0003190804203684193,0.0002180844956561033,0.5490328760006868
GTCGC,0.00011791746954670954,9.970919829104477e-05,0.24197896412953107
GTCGG,0.00016109390777185702,0.00011031798841224685,0.546233879970501
GTCGT,0.0003450844115722013,0.00028435586179297956,0.27925175995182316
GTCTA,0.0006983461788688624,0.0008429959491879239,-0.27158332307417254
GTCTC,0.0009387604371679789,0.0008754937619642644,0.10066014338661404
GTCTG,0.0006136287735634593,0.0006895042136368611,-0.16819323463878072
GTCTT,0.0016658909081869397,0.001766564987903965,-0.08465289557888116
GTGAA,0.0013015079371050133,0.001142392121026152,0.18812617550973146
GTGAC,0.000406087485276671,0.0005041861077221921,-0.3121657996558104
GTGAG,0.0005415044960737245,0.0004661153229201568,0.21628637614518997
GTGAT,0.0015715242231266742,0.0013557765197931152,0.21304511909012755
GTGCA,0.00032055234439882206,0.0004481206662588773,-0.48332730160291226
GTGCC,0.00013966923577377247,0.0001967326269311523,-0.4942219591122831
GTGCG,0.00010843173690633624,9.729200560520126e-05,0.15639391113249526
GTGCT,0.0005155005048699424,0.0006519705827650133,-0.3388330302733418
GTGGA,0.000657786494475542,0.0005830805912184733,0.17392408626704425
GTGGC,0.00024662904864970595,0.00029415892101890045,-0.25425305547744975
GTGGG,0.0003262764934059439,0.00026454831061731743,0.30256384734280634
GTGGT,0.0007591857054588429,0.0007886762579977184,-0.054980384576108134
GTGTA,0.0010012354349028514,0.0009762772681156842,0.03641841129687156
GTGTC,0.0005836996516119367,0.0006343787915513744,-0.12011833277129753
GTGTG,0.0011958565011449933,0.001042481490011287,0.19802251341559224
GTGTT,0.002457295395200154,0.0020730113050759034,0.24534331253759747
GTTAA,0.0015690710164093361,0.0015712423900395547,-0.0019951068966825563
GTTAC,0.000859930727984187,0.0009907132799894718,-0.20424714312448689
GTTAG,0.001063873979752213,0.0009220247211667521,0.20644993022473787
GTTAT,0.001884389853144504,0.002077778546206317,-0.14094442843893676
GTTCA,0.001136815992814394,0.0011331262157304185,0.00469018794346386
GTTCC,0.0006119933024185674,0.0006304844255575154,-0.04294486872351603
GTTCG,0.00048540783580393055,0.0002876459296153776,0.7549033424473842
GTTCT,0.0021290563364203398,0.002005397054113558,0.08632621693725832
GTTGA,0.0018606755215435707,0.0015139683522333181,0.29749144166571306
GTTGC,0.000721569869126328,0.0007673243892727675,-0.08869751476815273
GTTGG,0.0008777573634635092,0.0008527318641725714,0.041730026803010724
GTTGT,0.00219202197549868,0.00200190555356734,0.1308883497745047
GTTTA,0.00278111868188876,0.002488298437352073,0.16050578441298644
GTTTC,0.0031230956982856665,0.0025778688552108298,0.2767979064197009
GTTTG,0.003084171485037238,0.0025999593105897885,0.24639393848734456
GTTTT,0.006559057026589162,0.005384229563475144,0.28474849597477275
TAAAA,0.002711447611116363,0.0028132094208742045,-0.05315365794579206
TAAAC,0.0012390329393701409,0.0015457947225969244,-0.3191342042787276
TAAAG,0.0014671811640825678,0.0013350960934808984,0.13610343904387154
TAAAT,0.0025510078918024627,0.002588074779884391,-0.020811941120807965
TAACA,0.001121769658281388,0.0015698323609728126,-0.4848340385114255
TAACC,0.0005740503718570742,0.0007894819888929996,-0.4597290167894993
TAACG,0.00036896229028762377,0.0003770149147503141,-0.031148224312333238
TAACT,0.0013764125155410645,0.001900786326209553,-0.4656834474078348
TAAGA,0.0013283296638812413,0.001377128388518066,-0.052049828866051875
TAAGC,0.0006265489956081058,0.0007414067121412232,-0.24283784479122236
TAAGG,0.0004966925867036851,0.0005312452369553846,-0.09702478701481408
TAAGT,0.0012331452432485298,0.001394250170042791,-0.17714671257929393
TAATA,0.0018125926698837475,0.0021593587993535353,-0.2525482260243559
TAATC,0.0017071047810382166,0.001628986437534705,0.06757702035899323
TAATG,0.0015978553085594345,0.0018314263249740992,-0.19683089210641957
TAATT,0.0037424486208562477,0.0031666567069375444,0.2410220348360978
TACAA,0.0011713244339716141,0.0013757183594513241,-0.2320444185689933
TACAC,0.0005606395084689602,0.0007218677379306548,-0.36466111262303025
TACAG,0.000406905220849117,0.0005476955760673752,-0.42868143603847686
TACAT,0.0014349623825281963,0.0018768158320749382,-0.38727417132069214
TACCA,0.0005608030555834494,0.0007714873322317202,-0.4601482580210044
TACCC,0.00023436301506301634,0.0002967104021872908,-0.3403105909180229
TACCG,0.0001709067346412087,0.00018652670225759082,-0.12617292643631078
TACCT,0.0005433035143331056,0.0008656907027383436,-0.6720932864044982
TACGA,0.00044386686872367504,0.0003145707703660234,0.49674240344914167
TACGC,0.00014572047900987268,0.00015201456224304738,-0.06100589073312362
TACGG,0.00017008899906876274,0.00016047473664349967,0.08394364073718043
TACGT,0.000470688595499903,0.00045241789770037686,0.05711689419537725
TACTA,0.0010892237824980382,0.001370078243184356,-0.33095789761000177
TACTC,0.0008430853751917999,0.0010442272402843961,-0.30868506077347346
TACTG,0.0007748862284498056,0.0010792093899878537,-0.4779183966235721
TACTT,0.0020618384723652804,0.0024854112349773153,-0.26955326502457894
TAGAA,0.00151951624071911,0.0015048367354201315,0.014005121742465694
TAGAC,0.0005015990001383608,0.0006249785977730941,-0.3172723135614926
TAGAG,0.0008887150201342853,0.0008397730256067993,0.08172142326926655
TAGAT,0.0021164632086046716,0.0016279121296743303,0.3786325809812216
TAGCA,0.0005292384624870348,0.0007104532169141715,-0.42482173814059354
TAGCC,0.0002561147812900793,0.0003414956111166692,-0.41507651882222896
TAGCG,0.00016976190483978433,0.00015476747613525806,0.13341042361801694
TAGCT,0.001343212451299758,0.0012499571955461883,0.10380881790933469
TAGGA,0.000742503899780945,0.0006676151909817227,0.15338182096115005
TAGGC,0.00028800646861547227,0.0003435099383548721,-0.254250624473592
TAGGG,0.000768507890984727,0.00032444097383321774,1.2441040436528734
TAGGT,0.0008957475460573207,0.0006649294213307854,0.429890971661682
TAGTA,0.001150226856202508,0.0013481892205292176,-0.22910456714170874
TAGTC,0.0007176447383785874,0.0008321185821016281,-0.21351930459724675
TAGTG,0.0010820277094605137,0.0010414743263921855,0.05511016973475873
TAGTT,0.0025390689524447513,0.002473660992754465,0.03765177702166508
TATAA,0.002190550051468277,0.0024215570615262827,-0.1446418200730968
TATAC,0.0010769577489113486,0.0013580594239964118,-0.33458495698465285
TATAG,0.0013620203694660153,0.001377128388518066,-0.015914787490960494
TATAT,0.004106013856365728,0.004503632839174099,-0.13335071975984422
TATCA,0.0014127199749576658,0.001717012537844173,-0.28142504672000085
TATCC,0.0005902415361915045,0.0008103638479290366,-0.4572643648727168
TATCG,0.0005331635932347754,0.0004395262033758782,0.2786290926505132
TATCT,0.002254169879004574,0.0026675064173108595,-0.2428954976408462
TATGA,0.001887824342548777,0.0019929753694779735,-0.07819934880787145
TATGC,0.0007812645659148842,0.0010912282091757976,-0.48206975718298545
TATGG,0.0009641102399138041,0.0010447643942145836,-0.11590761142959252
TATGT,0.002508649189149761,0.0027768172421040052,-0.14652149083745727
TATTA,0.0022332358483499568,0.0025587998906891752,-0.19633170689777382
TATTC,0.0015572956241661142,0.0018909832669836322,-0.28009375740976356
TATTG,0.0022824635298112047,0.0023227207383717924,-0.025223900392100772
TATTT,0.004383553309653892,0.004901126747512809,-0.16101266350958682
TCAAA,0.002321714837288611,0.0022034054216289057,0.07545581315792958
TCAAC,0.0007946754293029982,0.0009446523304758982,-0.24941771982481173
TCAAG,0.0009088313152164563,0.001009580811787306,-0.15167194451569127
TCAAT,0.0024661269393825703,0.0019767264630898033,0.31913381518386486
TCACA,0.0009137377286511321,0.0011353419756924418,-0.31327488515615404
TCACC,0.00042718506304577716,0.0005123105609162772,-0.26215742959862526
TCACG,0.0002935670705081049,0.00024474075944165536,0.2624357600729509
TCACT,0.001281228094908353,0.0014513227751252072,-0.179841072255683
TCAGA,0.0010005812464448946,0.0008916083798698879,0.16635623666595933
TCAGC,0.00039758303532323286,0.0004574537157958842,-0.20236958282247855
TCAGG,0.0002976557483703348,0.0003267910222777878,-0.13472359361560665
TCAGT,0.0009528254890140497,0.0011493079778773154,-0.27048153370800404
TCATA,0.001558767548196517,0.0019428857654879943,-0.3177952766442884
TCATC,0.0014132106163011334,0.0014880506751017738,-0.07444716563678949
TCATG,0.0013677445184731372,0.001598704384720388,-0.22510442195016223
TCATT,0.002670560832494064,0.0030915223009525756,-0.2111746649955982
TCCAA,0.0010156275809779006,0.0010048807148981657,0.01534722390658596
TCCAC,0.0004486097350438617,0.000517279234770511,-0.20548235041834506
TCCAG,0.0003323277366420441,0.00039568101382432785,-0.2517311335026042
TCCAT,0.001146955913912724,0.0013657810117428564,-0.2519162427112029
TCCCA,0.00042538604478639604,0.0005201664371452686,-0.2902006098152242
TCCCC,0.00025873153512190637,0.00027871574552601133,-0.10733860155397912
TCCCG,0.00014670176169680784,0.00013039411655300267,0.1700074200769056
TCCCT,0.0005890967063900801,0.0007577227627706668,-0.3631656015960857
TCCGA,0.000478211762766406,0.0002304390360504146,1.0532644890297285
TCCGC,0.00012086131760751506,0.00011931531674288658,0.018573318694309573
TCCGG,0.00022438664107917545,0.0001491945041095633,0.5887923953605572
TCCGT,0.0004227692909545689,0.0003156450782263983,0.42156733058539725
TCCTA,0.0006340721628746087,0.0008355429384065731,-0.3980669292063646
TCCTC,0.0009672176350890989,0.0009014114390958088,0.10165479093702356
TCCTG,0.00053021974517397,0.0007138104289778431,-0.4289505831355229
TCCTT,0.0018065414266476472,0.0019976754663671137,-0.14509188996408826
TCGAA,0.0009834087994235292,0.0005114376857797226,0.9432327934042424
TCGAC,0.0002618389302972011,0.0002119743697002211,0.30478977778010896
TCGAG,0.00046692701186665155,0.0002838858521040655,0.7178860994443589
TCGAT,0.0015167359397727938,0.0006456590240853108,1.2321255612401767
TCGCA,0.00023681622178035427,0.0002034470510584954,0.21911453929972893
TCGCC,0.00017892054325117926,0.00011985247067307402,0.5780593944529312
TCGCG,0.00010565143596001992,5.07610464027137e-05,1.057518661049689
TCGCT,0.0004742866320186653,0.0003310882537192874,0.5185433779780145
TCGGA,0.0004199889900082526,0.0002282904203296648,0.8794811866740758
TCGGC,0.00013639829348398858,9.944062132595105e-05,0.45591837873265273
TCGGG,0.0001480101386127214,0.00011266803685681691,0.39361771210758134
TCGGT,0.0004451752456395886,0.00038413220432529776,0.21277045304691905
TCGTA,0.0005977647034580074,0.0004501349934970802,0.4092199877172847
TCGTC,0.0005457567210504435,0.0003555287575428162,0.6182917328794575
TCGTG,0.0005662001103615929,0.00036942761548641636,0.6160203156272651
TCGTT,0.0015538611347618411,0.0009756729699442233,0.6713880134420581
TCTAA,0.001776939398925103,0.0019244882433790743,-0.11508037754693971
TCTAC,0.0008344173781238725,0.0009480766867808432,-0.1842345539792336
TCTAG,0.0010960927613065845,0.0010137437547462587,0.11267687077316572
TCTAT,0.0021473736132431296,0.002251883563828323,-0.06855901120274656
TCTCA,0.0017398142039360557,0.0018275319589802401,-0.07096338772555191
TCTCC,0.0010810464267735785,0.0009012100063719885,0.26249324519161565
TCTCG,0.000818062666674953,0.0004846471335116237,0.755276644860574
TCTCT,0.004819242822653107,0.003632637741375154,0.40778899201117325
TCTGA,0.002041067988825153,0.0018336420849361223,0.15461217826277163
TCTGC,0.0008283661348877724,0.0009363264445579929,-0.1767430296503372
TCTGG,0.0010700887701028023,0.0007949878166774209,0.42872582542243126
TCTGT,0.0026681076257767263,0.0023878506524070203,0.16010425655937038
TCTTA,0.0026550238566175905,0.002942327796843012,-0.14823315795895653
TCTTC,0.0035057959461903825,0.002734583514343017,0.3584209041423747
TCTTG,0.002572596110915036,0.002836642761078632,-0.14095949654273432
TCTTT,0.005697000186116617,0.005853164944528785,-0.03901448162382621
TGAAA,0.00275675016182987,0.0026499146260972207,0.05702264476611725
TGAAC,0.0008754677038606605,0.0011105657506625458,-0.34316894616680627
TGAAG,0.001214010230853294,0.001153135199629901,0.074218907644708
TGAAT,0.0031819726595017765,0.0025418123976469974,0.3240638856806337
TGACA,0.0007199343979814361,0.00106289333935841,-0.5620594745561496
TGACC,0.0003589859163037829,0.00050277607865545,-0.4859887645838473
TGACG,0.0002629837600986255,0.0002584381846614352,0.02515446594492684
TGACT,0.0011358347101274589,0.0013412062194367808,-0.23977817325710973
TGAGA,0.0014661998813956325,0.00125351584033368,0.22610156672404358
TGAGC,0.000560475961354471,0.000552328528715242,0.021125850595629016
TGAGG,0.000518444352930748,0.00047544837245716364,0.12490045453646167
TGAGT,0.0013984913759971058,0.0013203243604007436,0.08297896126004171
TGATA,0.0019161179933554079,0.0021179308024878284,-0.1444690499692216
TGATC,0.0018436666216366945,0.0015110140056172872,0.2870607731638635
TGATG,0.002019479769712579,0.0019920353501001456,0.019740444515116255
TGATT,0.005465744566228894,0.0037332198148027538,0.5499975810271549
TGCAA,0.0009680353706615448,0.0011619310952367204,-0.2633928490312585
TGCAC,0.00027067047447961763,0.0004660481786788833,-0.7839415813484293
TGCAG,0.00036552780088335067,0.0005178163887006985,-0.5024594895824448
TGCAT,0.0012437758056903275,0.0016759874064261068,-0.4302848496851745
TGCCA,0.00033625286738978477,0.0005209050237992764,-0.6314737807606958
TGCCC,0.00015373428761984324,0.00018941390463234834,-0.30110327344373483
TGCCG,0.0001066327186469551,0.00010568503576438012,0.012879059300427922
TGCCT,0.0004549880725089403,0.0007048131006472033,-0.6314120148419298
TGCGA,0.0003302016241536846,0.00021969595744666565,0.5878388929665613
TGCGC,8.226419858806506e-05,9.648627470992009e-05,-0.23005902607497258
TGCGG,0.0001161184512873284,0.00014140577212184532,-0.2842437760568357
TGCGT,0.0004332363062818774,0.0003557301902666365,0.28437073057683687
TGCTA,0.0008648371414188628,0.0011544780844553696,-0.41674039888103404
TGCTC,0.0007654004958094323,0.0008518589890360169,-0.1543998007023543
TGCTG,0.0006702160751767208,0.0008870425714632945,-0.404377054754848
TGCTT,0.002299472429718081,0.0024807782823294488,-0.10948990106661699
TGGAA,0.0014040519778897385,0.0012478085798254383,0.17019971065752584
TGGAC,0.00035653270958644495,0.00044409201178247147,-0.3168241799499894
TGGAG,0.0006646554732840882,0.0005889221402092617,0.17452979596953805
TGGAT,0.0018145552352576177,0.0013820299181310266,0.3928271258072254
TGGCA,0.000355714974013999,0.0005219793316596512,-0.5532709761389075
TGGCC,0.00019887329121886103,0.00025568527076922455,-0.3625195192875212
TGGCG,0.00015994907797043265,0.00013777998309308004,0.2152463699220165
TGGCT,0.0007429945411244126,0.0008980542270321372,-0.2734509504296546
TGGGA,0.0006430672541715144,0.0005429954791782351,0.2440294408002111
TGGGC,0.0002031255161955801,0.00019478544393422282,0.06048560859932068
TGGGG,0.000374195797951278,0.0002797229091451128,0.4197949433145793
TGGGT,0.0011144100381293744,0.0006185327506108447,0.8493582668803378
TGGTA,0.0008985278470036369,0.001025493996969109,-0.19068392533228287
TGGTC,0.0006749589414969075,0.0007683315528918689,-0.1869292576035745
TGGTG,0.0010385241770063877,0.0010014563585932206,0.05243524990115243
TGGTT,0.002828056703747159,0.0026523989630243376,0.09251325101903593
TGTAA,0.0016775027533156724,0.001744608821007553,-0.05658845494690693
TGTAC,0.0006293292965544221,0.000800762221426936,-0.3475588070772916
TGTAG,0.0010951114786196493,0.001069473475003206,0.03417703740667801
TGTAT,0.0022497541069133654,0.0023631415716183976,-0.07093873447959757
TGTCA,0.000904415543125248,0.0012275310189608622,-0.4407017897087354
TGTCC,0.0004162274063750011,0.0005827448700121061,-0.48549243711086154
TGTCG,0.00039791012955221126,0.0003130935970580079,0.34584862117537135
TGTCT,0.0018354892659122348,0.0020528008884526006,-0.16142902247269397
TGTGA,0.0019570047719777066,0.0017564933517129502,0.15594915784634752
TGTGC,0.0005822277275815339,0.0007400638273157545,-0.3460661554019089
TGTGG,0.0010385241770063877,0.000999643464078838,0.05504926706457574
TGTGT,0.0030738680168244186,0.002679525236498804,0.19807781731655003
TGTTA,0.0024913131950139063,0.0026523989630243376,-0.09039139492990189
TGTTC,0.0022101757052069805,0.002023727431981205,0.1271460738735029
TGTTG,0.0030032156633650864,0.0027051743366652546,0.15078650728267062
TGTTT,0.007097127033258614,0.0064645132613233725,0.13469338180223286
TTAAA,0.002967562392406442,0.0029258774577310214,0.020409015103089692
TTAAC,0.0013402686032389524,0.0016773302912515755,-0.32364464478052735
TTAAG,0.0016048878344824698,0.0016098503287717773,-0.004454093132803264
TTAAT,0.003333417287518771,0.003171893957756872,0.0716573898926743
TTACA,0.0014913861370269687,0.00183887933575545,-0.3021729792470238
TTACC,0.000697201349067438,0.0009307534725322981,-0.4168237325675475
TTACG,0.0005475557393098246,0.00044348771361101057,0.30411169699299073
TTACT,0.002211320535008405,0.002587134760506563,-0.22644704246944153
TTAGA,0.002086861180882127,0.0016840447153789184,0.3094041889607282
TTAGC,0.001051280851936545,0.0009694285555057942,0.11694165557431481
TTAGG,0.001490077760111055,0.0008608563173666566,0.7915432526335726
TTAGT,0.002453697358681392,0.00229586304186242,0.09592073502730827
TTATA,0.002860929673759487,0.0031939172688945573,-0.15884290918649976
TTATC,0.0019468648508793765,0.0021400884021080605,-0.13651765495426937
TTATG,0.0025598394359848792,0.0026596505410818685,-0.05518337734994683
TTATT,0.004413645978719904,0.004608512144043198,-0.06233013762243439
TTCAA,0.002665490871944899,0.0022882757425985224,0.22014033081213452
TTCAC,0.0012352713557368894,0.0013452348739131864,-0.12303008719570226
TTCAG,0.0011649460965065354,0.0011691155290529775,-0.0051542992613729435
TTCAT,0.003132744978040529,0.0033304886556447155,-0.08830653628783831
TTCCA,0.0011974919722898853,0.0013755840709687773,-0.20002833041023257
TTCCC,0.0006868978808546187,0.000788609113756445,-0.1992147497692374
TTCCG,0.0005383971008984297,0.00035089580489494946,0.6176279416784418
TTCCT,0.001906141619371567,0.0020563595332400925,-0.10943721671199057
TTCGA,0.0014428126440236776,0.0006534477560730288,1.142740170730625
TTCGC,0.00041802642463438223,0.00026897983054136385,0.6360961457111236
TTCGG,0.00046954376569847863,0.0003502243624822152,0.42298019155294075
TTCGT,0.0016114297190620377,0.00093901221420893,0.7791254390491763
TTCTA,0.0022975098643442105,0.0023643501679613196,-0.04137266344460583
TTCTC,0.0033554961479748124,0.002766477028947897,0.27847615632598316
TTCTG,0.0026515893672133172,0.0024902456203490025,0.09056932620418127
TTCTT,0.006711810031522071,0.006449674384001945,0.05747555589381907
TTGAA,0.003516099414403202,0.002897542587913634,0.27914599586708616
TTGAC,0.0011992909905492665,0.00130165826132673,-0.11816898136920084
TTGAG,0.001890114002151626,0.0015284715083483792,0.30638359341506705
TTGAT,0.005446773100948148,0.003898596081059214,0.48244707908713425
TTGCA,0.0012238230577226456,0.0015210184975670284,-0.3136427122483603
TTGCC,0.0004947300213298146,0.0006361245418244836,-0.3626677989552372
TTGCG,0.00044419396295265344,0.00034733716010745765,0.3548530186178135
TTGCT,0.0023099394450453894,0.002370594582399749,-0.03739392315923619
TTGGA,0.001989387100646567,0.0015498233770733303,0.36022021658986336
TTGGC,0.0006986732730978408,0.0007950549609186943,-0.1864366423498687
TTGGG,0.0011530071571488243,0.0007631614463138147,0.5953412726990255
TTGGT,0.0029302736503029054,0.002619834006006724,0.16155999553410555
TTGTA,0.0023267847978377765,0.002391342152953239,-0.03948278206387193
TTGTC,0.0016330179381746114,0.0017718022387232925,-0.11767694666795254
TTGTG,0.003042794065071472,0.00265615904053565,0.19605516393428385
TTGTT,0.006983461788688624,0.006142825201382366,0.18504004465414856
TTTAA,0.003690604185563173,0.0035798623677342377,0.043952895607139206
TTTAC,0.00201326497936199,0.002308150438015458,-0.19720018982528192
TTTAG,0.0030164629796387114,0.0023104333422187544,0.384694409364421
TTTAT,0.005142411920883756,0.005023530699354274,0.03374348525104948
TTTCA,0.0034945111952906283,0.0034876733244658172,0.0028257533025877885
TTTCC,0.0019859526112422942,0.0021609031169028243,-0.12180319335935293
TTTCG,0.0017705610614600243,0.0010309326805122568,0.7802564705308762
TTTCT,0.0067683973331353325,0.0064152965324699475,0.07729831100776208
TTTGA,0.005571068907959937,0.004027177303097834,0.46818516994506426
TTTGC,0.0020920946885457817,0.002125316669027906,-0.02272966701045048
TTTGG,0.0035761212054207362,0.002754391065518679,0.37666222826546364
TTTGT,0.006754495828403751,0.00582919445039417,0.21255155948914084
TTTTA,0.005501561384302028,0.005141167410065325,0.0977451335668289
TTTTC,0.005394110930082627,0.00531681674523662,0.02082244905660726
TTTTG,0.008035560376197615,0.006295779783003241,0.3520135582859267
TTTTT,0.014098251910312071,0.011408209457803537,0.3054439136935453
