kmer,proximal frequency,distal frequency,log-odds score
AAAAA,0.004545835974899533,0.0039038474757634523,0.21964894149110795
AAAAC,0.0018180131862166656,0.0020184709892029666,-0.15090018803263514
AAAAG,0.0017172355118040368,0.0017316471773067682,-0.012057098627092653
AAAAT,0.0034188123411296174,0.0032715196206703503,0.06353431213283103
AAACA,0.001568277275919235,0.001939026983749703,-0.3061522256901912
AAACC,0.0009632097247645275,0.0010684960798381302,-0.14965975193099731
AAACG,0.00047618454921664427,0.00045964031726531036,0.051015460908463865
AAACT,0.0019649638987067936,0.0022920111443431807,-0.22211125204623217
AAAGA,0.001644964669595777,0.0017493157304676401,-0.0887341036607476
AAAGC,0.0007572378244709875,0.0008435766877756439,-0.1557727505345815
AAAGG,0.0006841639729048582,0.0006444508039772042,0.0862719053743327
AAAGT,0.0019300329916394682,0.001783492128917502,0.11392066010022589
AAATA,0.002032818189446771,0.002449996382460466,-0.2692984293720281
AAATC,0.0019962812636637062,0.001797936493545368,0.15097293870498663
AAATG,0.0018726178225517952,0.0020567743489750758,-0.13532702891245202
AAATT,0.004268797746434538,0.003398165746246819,0.3290735880225147
AACAA,0.001627298463722647,0.001822827229020173,-0.16369894573347551
AACAC,0.0006235367663857071,0.0007926345089541519,-0.3461811493212787
AACAG,0.000521554577936274,0.0006400659075723163,-0.295402235964857
AACAT,0.0013289804872741084,0.001939542853914984,-0.5453967299245381
AACCA,0.000768881460160096,0.0010407680584542801,-0.4368154934684409
AACCC,0.0004858206615110789,0.0004342337116252245,0.16195211421869285
AACCG,0.0002336757231400396,0.00031003796933384007,-0.40793704991851937
AACCT,0.0007170873565775099,0.0009552625785589657,-0.41374846885833294
AACGA,0.00046012436205925325,0.00039128752036558687,0.23379474639425366
AACGC,0.00016501842304219292,0.00016340187485273518,0.014202562425255865
AACGG,0.0001939267599254968,0.00018326287621605106,0.08159732747737523
AACGT,0.00042800398774447116,0.0004818227343723904,-0.1708782290661038
AACTA,0.0011780147279946327,0.0015127892596863328,-0.36085344935809854
AACTC,0.0009286803223761368,0.0011195672262009424,-0.2696871883438401
AACTG,0.0007532227776816397,0.0011046069914077954,-0.5523846305716025
AACTT,0.0020761806947717266,0.00251306151016606,-0.27551397310466635
AAGAA,0.0018296568219057742,0.0019239377814152356,-0.07248906831582153
AAGAC,0.0005030853627052742,0.0006272981209816133,-0.318348026237343
AAGAG,0.0008182665356690734,0.0008501540323829759,-0.05515340313302239
AAGAT,0.001702781343362385,0.0016558142630104713,0.04035233727360635
AAGCA,0.0005588945130772081,0.0007769004689130835,-0.47515377093881767
AAGCC,0.0002605765366286696,0.00035375796584139905,-0.44105545096475646
AAGCG,0.00013329955340634562,0.0001447015813613014,-0.11840874137748565
AAGCT,0.0012378389251559143,0.0012054596087202178,0.03824028341116748
AAGGA,0.000621930747669968,0.0006323278550931024,-0.02391882961173468
AAGGC,0.00022604713424027886,0.00028695277943751837,-0.34418972077651067
AAGGG,0.00030032549984321244,0.0002915956109250468,0.04255797102049007
AAGGT,0.0006199232242752941,0.000606147444205095,0.03242078370010034
AAGTA,0.00103066251082557,0.0012052016736375773,-0.22570258017271988
AAGTC,0.0006616797108845107,0.0007536863114754415,-0.18783114773589774
AAGTG,0.0007700859741969003,0.0008960664770929788,-0.2185862458078797
AAGTT,0.0024327168496658075,0.0022864655400664105,0.08944923489873961
AATAA,0.0019123667857663378,0.0021535000049652505,-0.1713240728043594
AATAC,0.000715079833182836,0.000989181041926187,-0.46813027340429464
AATAG,0.0008696591345727248,0.0010414128961608814,-0.2600202289759403
AATAT,0.0022978112775437227,0.0028455398316896206,-0.3084420620806294
AATCA,0.0017738476715338403,0.0017895536033595528,-0.012717634046725162
AATCC,0.0008632350597097683,0.0008239736214949685,0.0671553080666922
AATCG,0.0008825072842986376,0.00044042415360859565,1.0027145956561605
AATCT,0.002888424660256778,0.002526474134463364,0.19315745486481273
AATGA,0.0016276999684015818,0.0018168947221194423,-0.15864003247992717
AATGC,0.0006608767015266413,0.0008887153272377255,-0.4273402337930722
AATGG,0.0010129963049524398,0.0009833775025667765,0.042811656635709204
AATGT,0.001995076749626902,0.0022770509095500335,-0.1907222998451217
AATTA,0.0026455143295012386,0.0024087267692379914,0.13527747952629898
AATTC,0.0021564816305586817,0.0016456258272461728,0.39004308538768445
AATTG,0.002749102536666411,0.002022211047901253,0.4430271459739477
AATTT,0.005949897837134445,0.004290234229558871,0.4718084815727134
ACAAA,0.0016509872397797987,0.0018149602089996388,-0.1366089491388772
ACAAC,0.0005613035411508168,0.0007268610628808331,-0.37289846304981783
ACAAG,0.0006797474214365757,0.000803725717507692,-0.24170447228164532
ACAAT,0.0012498840655239575,0.0014837715628892804,-0.24747471375789012
ACACA,0.000743586665387205,0.0009718993913892757,-0.3863060784681646
ACACC,0.00023327421846110484,0.00031893672968493614,-0.45124338310102663
ACACG,0.00020115384414632275,0.00020131833200088368,-0.001179240898318275
ACACT,0.0007110647863934883,0.0008950347367624169,-0.33196266282932674
ACAGA,0.0006066735698704465,0.0006636669676339189,-0.12953900868458867
ACAGC,0.00015618532010562786,0.0002521315432810555,-0.6909177593241406
ACAGG,0.00011804237560682413,0.0001766855316087192,-0.5818790451271426
ACAGT,0.0004958582784844483,0.0006778533971791446,-0.4510454459659074
ACATA,0.0011655680829476547,0.0015402593459875424,-0.4021400123014617
ACATC,0.0005400237931672737,0.0008458981035194081,-0.6474609143884222
ACATG,0.0008507884146627903,0.0012081679270879427,-0.5059487002446631
ACATT,0.0016461691836325814,0.0022112774634767147,-0.42576744578431175
ACCAA,0.0008467733678734425,0.0010181987387232394,-0.2659713830695255
ACCAC,0.00028506832204369095,0.00038045424689468727,-0.41641523686013915
ACCAG,0.00024009979800299603,0.0003185498270609755,-0.4078848643895528
ACCAT,0.0006636872342791846,0.00099085761996335,-0.5781742411419284
ACCCA,0.00030996161213764703,0.0003377659907176902,-0.12393451919813374
ACCCC,0.00010117917909156355,0.00015127892596863328,-0.5802985866442097
ACCCG,7.869491707121609e-05,0.00010884860487427664,-0.4679805567075948
ACCCT,0.00046173038077499236,0.00045989825234795084,0.0057359460911246786
ACCGA,0.00021600951726690948,0.0002284015156781326,-0.08047734631090775
ACCGC,7.267234688719445e-05,9.762842877941637e-05,-0.4258948150181442
ACCGG,0.00011041378670706339,0.00012845167115495206,-0.2183053357716769
ACCGT,0.00021239597515649647,0.00025238947836369593,-0.24889534062839594
ACCTA,0.0004537002871962968,0.0005577846162100077,-0.29796857222451717
ACCTC,0.0003224082571846251,0.0004783406107567441,-0.5691495871013128
ACCTG,0.0002730231816756477,0.00045448161561250104,-0.7351984848983294
ACCTT,0.0008740756860410073,0.0011554202026879672,-0.40258751281496497
ACGAA,0.0005356072416989911,0.00037748799344432195,0.5047447086602167
ACGAC,0.00016461691836325816,0.000155534854832201,0.08187469548974351
ACGAG,0.00023488023717684395,0.0002053163257818109,0.1940769818115003
ACGAT,0.000510713951605035,0.0003590456350355286,0.5083482473200093
ACGCA,0.00015618532010562786,0.00017642759652607872,-0.17581738201532357
ACGCC,7.829341239228131e-05,7.31245959285721e-05,0.09853417669176402
ACGCG,5.5006141014064305e-05,4.152754830511502e-05,0.405523992730292
ACGCT,0.0001754575446944971,0.00020209213724880508,-0.20389120708759975
ACGGA,0.00018830569442040992,0.0001525686013818356,0.3036185420599703
ACGGC,8.270996386056384e-05,7.634878446157793e-05,0.11545594943865065
ACGGG,6.424074862956415e-05,7.493014150705536e-05,-0.22205747063278422
ACGGT,0.00019754030203590977,0.0002103460598933,-0.09061777348826228
ACGTA,0.0003228097618635599,0.0003452461081142637,-0.09694094457746683
ACGTC,0.00018148011487851873,0.0001786200447285227,0.022917489363018996
ACGTG,0.00021520650790903993,0.00024968115999597103,-0.2143652589324397
ACGTT,0.0006130976447334029,0.0005932506900730717,0.047474988849496004
ACTAA,0.0011366597460643509,0.001520527312165547,-0.41977127607699566
ACTAC,0.00044567019361760134,0.0006056315740398141,-0.4424639439882015
ACTAG,0.0006319683646433373,0.0007628430069091781,-0.27153383983528223
ACTAT,0.0010768355489030692,0.0013740201852257621,-0.3516052557722931
ACTCA,0.0007439881700661399,0.0009902127822567488,-0.41245889093530147
ACTCC,0.00029952249048534286,0.0003725872268741531,-0.3149138804249955
ACTCG,0.000304742051311495,0.00029585153978861444,0.04271518728402373
ACTCT,0.0013671234317729122,0.001538324832867739,-0.17021667149962658
ACTGA,0.000872871172004203,0.0011444579616757475,-0.3908238249085325
ACTGC,0.00023849377928725693,0.00046441211629415897,-0.9614539755051323
ACTGG,0.0003521196034257985,0.0004720212012320527,-0.42278611284228956
ACTGT,0.0009126201352187458,0.0011470373125021523,-0.3298259326492783
ACTTA,0.001154325951937481,0.001624088247845694,-0.492579364705604
ACTTC,0.0009242637709078543,0.0011950132378732788,-0.37065006101665854
ACTTG,0.0013414271323210865,0.0016522031718535048,-0.30062241817769225
ACTTT,0.0027057400313414554,0.002930529441419654,-0.11513810015704416
AGAAA,0.0020637340497247484,0.0020362685099051584,0.019329251751692866
AGAAC,0.0006628842249213152,0.0007930214115781126,-0.25860289868284697
AGAAG,0.0009037870322821807,0.0009096080689316033,-0.009262195035639676
AGAAT,0.0015971856128025388,0.0015037615317939166,0.08695618063026735
AGACA,0.0005512659241774474,0.0006666332210842843,-0.27414478891462163
AGACC,0.0002372892652504526,0.00029804398799105844,-0.32887843640571623
AGACG,0.00017987409616277962,0.0001732034079930729,0.05452012051454392
AGACT,0.0006689067951053367,0.0008201045952553615,-0.29400272024376883
AGAGA,0.0011804237560682413,0.0010679802096728492,0.14441994721071666
AGAGC,0.00032963534140545105,0.00036613884980814146,-0.15151993406220474
AGAGG,0.0003292338367265163,0.00035878769995288814,-0.12401781715241063
AGAGT,0.0008969614527402895,0.0009219889528983456,-0.039703478543730054
AGATA,0.0011081529138599817,0.0012993479788013472,-0.22963087875277832
AGATC,0.0012265967941457406,0.0007589739806695711,0.6925387526646677
AGATG,0.0009407254627441801,0.000999240510149165,-0.08705821185573595
AGATT,0.002802502658964736,0.002128609269490445,0.3968045908714986
AGCAA,0.0006199232242752941,0.0007473669019507502,-0.26972712074137156
AGCAC,0.00017224550726301888,0.0002541950239421792,-0.561469435659558
AGCAG,0.00025495547112358276,0.0003302858733211167,-0.3734699680535579
AGCAT,0.0005408268025251432,0.0008290033556064576,-0.6162112903284085
AGCCA,0.00030353753727469066,0.0003712975514609508,-0.29070086145797946
AGCCC,0.00010278519780730264,0.00012032671605177737,-0.22732448296737662
AGCCG,8.150544982375953e-05,8.718205793247749e-05,-0.09713473121262577
AGCCT,0.0002674021161705608,0.00043732893261691003,-0.7097079140697866
AGCGA,0.0001887071990993447,0.0001447015813613014,0.3830687738405892
AGCGC,4.0551972572412374e-05,5.261875685865506e-05,-0.3758050713353186
AGCGG,5.6210655050868635e-05,6.835279689972348e-05,-0.28215674462121293
AGCGT,0.00016100337625284515,0.0001748799860302359,-0.11927424879704127
AGCTA,0.000749207730892292,0.000882395917713034,-0.2360603300317588
AGCTC,0.000691792561804619,0.0005563659732554851,0.3143053129488766
AGCTG,0.0005930224107866641,0.0006494805380886933,-0.13119966906984498
AGCTT,0.0016851151374892546,0.0015308447154711656,0.1385192212410227
AGGAA,0.0007696844695179655,0.0007597477859174925,0.018746571889908064
AGGAC,0.00019994933010951843,0.00023472092520282402,-0.23131201513359545
AGGAG,0.00031518117296379914,0.0003425377897465388,-0.12008179968355312
AGGAT,0.0007343520577717052,0.0006746292086461387,0.12237709295510245
AGGCA,0.00021600951726690948,0.00029030593551184446,-0.42647919101314935
AGGCC,9.314908551286803e-05,0.0001356738534688851,-0.5425292062803482
AGGCG,6.86573000978467e-05,7.093214772612814e-05,-0.04702650564174186
AGGCT,0.0003689827999410591,0.0004410689913151968,-0.2574507705998434
AGGGA,0.0003420819864524291,0.0003158415086932506,0.1151413495462424
AGGGC,0.00012045140368043279,0.00011516801439896805,0.06471111325904039
AGGGG,0.00011161830074386772,0.00012600128786986763,-0.17486489136049574
AGGGT,0.0008026078531906171,0.00038019631181204685,1.07795073553394
AGGTA,0.0003103631168165818,0.00035414486846535977,-0.19038251833787093
AGGTC,0.0002898863781909083,0.00029804398799105844,-0.04003772969607775
AGGTG,0.00030112850920108197,0.0003119724824536436,-0.05103948071229947
AGGTT,0.001171992157810611,0.000909479101390283,0.3658505240664684
AGTAA,0.0010435106605514827,0.0012387332343808378,-0.2474201921963066
AGTAC,0.0003577406689308854,0.00049265600784329,-0.46166651351680676
AGTAG,0.0006905880477678147,0.0007674858383967065,-0.15231476499027008
AGTAT,0.001071615988076917,0.0013230780064042702,-0.3041101120633667
AGTCA,0.0006215292429910332,0.0007618112665786162,-0.2936113525939172
AGTCC,0.00023327421846110484,0.00034189295203993766,-0.5515178135783477
AGTCG,0.00022644863891921365,0.0002178261772898735,0.05600652748179014
AGTCT,0.0010077767441262877,0.0011300135970478814,-0.16516406260043415
AGTGA,0.0009664217621960057,0.0009608081828357358,0.008404504121992784
AGTGC,0.00023648625589258306,0.00032590097691622875,-0.4626773372299322
AGTGG,0.0004793965866481225,0.0004681521749924457,0.034242076266074103
AGTGT,0.0011193950448701554,0.0011315612075437243,-0.015595357266425545
AGTTA,0.0013253669451636955,0.0015734040041068423,-0.2474973162306927
AGTTC,0.0010061707254105485,0.0010319982656445043,-0.036565426139359244
AGTTG,0.0012358314017612403,0.0013188220775407025,-0.09376800647435093
AGTTT,0.0036645332046377,0.0033923622068874086,0.11133922022927932
ATAAA,0.0022428051365296587,0.0023727448252096463,-0.08125267646589321
ATAAC,0.0009074005743925936,0.0012257075127074942,-0.4338032756138335
ATAAG,0.0009828834540323316,0.0011703804374811142,-0.2518852971934411
ATAAT,0.002299015791580527,0.002481593430083923,-0.11025039627906802
ATACA,0.0010776385582609387,0.001359962723221857,-0.33569373059648816
ATACC,0.00036858129526212436,0.0005693916949288286,-0.6274385912376379
ATACG,0.00032642330397397284,0.00031493873590400897,0.05167284497200642
ATACT,0.0010483287166987,0.0015082753957401248,-0.5248087110425659
ATAGA,0.0012751788602968484,0.0013153399539250561,-0.044736099094776646
ATAGC,0.000505494390778883,0.0006164648475107137,-0.286323547264712
ATAGG,0.0004645409135275358,0.0005034892813141896,-0.11615540057101419
ATAGT,0.0012338238783665665,0.0014717775815464987,-0.2544231921043751
ATATA,0.0033340948538743797,0.0036541663157674815,-0.13224714920268188
ATATC,0.0012848149725912831,0.0017043060585468788,-0.4076238268698252
ATATG,0.0017573859796975145,0.002266346603620454,-0.3669374271591047
ATATT,0.002962301521180777,0.003577688563764583,-0.27230931244638706
ATCAA,0.0017505604001556232,0.0017731747256118833,-0.018517863546797863
ATCAC,0.0007331475437349009,0.0008718205793247749,-0.24992769330094236
ATCAG,0.0007728965069494437,0.0007847674889336177,-0.021990029247082425
ATCAT,0.001949706720907272,0.002203668378538821,-0.1766500076986938
ATCCA,0.0008415538070472904,0.000860213500605954,-0.03163925665011482
ATCCC,0.00033284737883692927,0.00036575194718418074,-0.1360047378593835
ATCCG,0.00033686242562627706,0.0002361395681573466,0.5125197125268685
ATCCT,0.0008937494153088113,0.0010479902407682133,-0.22968298400474638
ATCGA,0.0009716413230221578,0.0004905925271821663,0.9858985891857756
ATCGC,0.0002766367237860606,0.0001728165053691122,0.6787516752435385
ATCGG,0.0003577406689308854,0.00020750877398425488,0.785741798682858
ATCGT,0.0007680784508022264,0.0005040051514794705,0.6078151942621092
ATCTA,0.0016369345760170815,0.0016145446497879967,0.01986932338837814
ATCTC,0.0019280254682447942,0.0016150605199532777,0.25553588200528626
ATCTG,0.0017075993995096022,0.00145024000214602,0.2356778868449668
ATCTT,0.0031855381226685124,0.0033216879942439205,-0.060379464608501174
ATGAA,0.0019216013933818377,0.0020300780679217874,-0.0792261059410839
ATGAC,0.0005416298118830128,0.0007812853653179715,-0.5285424419627226
ATGAG,0.0008415538070472904,0.0009632585661208202,-0.19486759346019658
ATGAT,0.002431512335629003,0.002530859030868252,-0.05777324068748807
ATGCA,0.0008455688538366382,0.0011438131239691464,-0.4358572222883144
ATGCC,0.0002710156582809738,0.0003945117088985927,-0.5416919117356271
ATGCG,0.0002457208635080829,0.00022724080780625052,0.11279842165662048
ATGCT,0.0010133978096313746,0.0013597047881392164,-0.42409283949143395
ATGGA,0.0009860954914638097,0.0010247760833305712,-0.05550944483353723
ATGGC,0.00034770305195751597,0.0004379737703235112,-0.3329887409419314
ATGGG,0.0004974642972001874,0.00043384680900126376,0.19740726976983952
ATGGT,0.001130637175880329,0.0013212724608257869,-0.22479195737692953
ATGTA,0.001518089191052388,0.0016714193355102194,-0.1388171759003704
ATGTC,0.000835129732184334,0.001073396846408299,-0.3621113208904232
ATGTG,0.0014787417325167799,0.0016426595737958074,-0.1516634232473887
ATGTT,0.0031088507289919703,0.003467421315935784,-0.1574817971741532
ATTAA,0.002175352350468616,0.002282983416450764,-0.06967128095085483
ATTAC,0.00120049899001498,0.0012927706341940154,-0.10683214235201097
ATTAG,0.0018525425886050564,0.0015495450089625994,0.25766204855013636
ATTAT,0.002720997209140977,0.0030197749800132553,-0.15030557358780458
ATTCA,0.0020725671526613137,0.0019753958304020085,0.0692770769144744
ATTCC,0.0009310893504497455,0.0008838145606675567,0.0751759208690867
ATTCG,0.0010836611284449603,0.0005601060319537719,0.9521418118973409
ATTCT,0.0028896291742935825,0.002810202725367877,0.04021015489570372
ATTGA,0.0029739451568698855,0.002344629901201836,0.34301783066685065
ATTGC,0.0010105872768788311,0.0010438632794459658,-0.046738844624062185
ATTGG,0.0015221042378417357,0.0012235150645050503,0.31503529722757095
ATTGT,0.002871159959062583,0.0027780898075791386,0.04754047049628541
ATTTA,0.0031755005056951432,0.0031332664163750603,0.01931655495632947
ATTTC,0.0032827022549707283,0.0027361753566500628,0.262723208709416
ATTTG,0.004292085017812755,0.003497341785522078,0.29541985983137736
ATTTT,0.007522993169200898,0.006301612003989224,0.2555858513762577
CAAAA,0.0021243612562438998,0.0021532420698826098,-0.019481394868113452
CAAAC,0.000804615376585291,0.001012524166905149,-0.3315851286896003
CAAAG,0.0009182412007238326,0.000926631784385874,-0.013123003048643977
CAAAT,0.001907147224940186,0.0019459912309809954,-0.029088990222796714
CAACA,0.0007078527489620101,0.0008606004032299147,-0.28189424130845325
CAACC,0.0002790457518596693,0.0003948986115225534,-0.5009806120045357
CAACG,0.00023327421846110484,0.00020118936445956344,0.21347282753930047
CAACT,0.0007540257870395093,0.0010242602131652903,-0.44189650998631136
CAAGA,0.0007423821513504007,0.0009019989839937095,-0.2809637834091383
CAAGC,0.0003195977244320817,0.00040353943679100903,-0.3364525348128908
CAAGG,0.0002750307050703215,0.0003162284113172113,-0.20137429795851047
CAAGT,0.0009021810135664416,0.0010220677649628463,-0.18000202284984235
CAATA,0.0009788684072429838,0.001216679784815078,-0.3137626870250026
CAATC,0.0010033601926580052,0.0009543598057697241,0.07223441856741178
CAATG,0.0009174381913659631,0.0010687540149207707,-0.22024696900694887
CAATT,0.002440746943244503,0.0018294045736275048,0.4159485611693021
CACAA,0.0007451926841029442,0.0009317904860386833,-0.3223920892634492
CACAC,0.0004380416047178406,0.0005345704587723657,-0.28731221217512337
CACAG,0.00025656148983932187,0.0003257720093749085,-0.34455801495617544
CACAT,0.0008279026479635081,0.0011163430376679366,-0.4312473785743243
CACCA,0.0004059212304030585,0.0004837572474921939,-0.25308347787407287
CACCC,0.00010158068377049832,0.00016353084239405542,-0.6869366675607149
CACCG,0.00012245892707510666,0.00011271763111388363,0.11958475083403228
CACCT,0.0003252187899371685,0.00045112845953817495,-0.4721276882652832
CACGA,0.0002352817418557787,0.00018352081129869154,0.3584456957801477
CACGC,8.431598257630295e-05,9.930500681657939e-05,-0.2360603300317588
CACGG,8.833102936565072e-05,9.440424024641055e-05,-0.09593133687500055
CACGT,0.00024170581671873514,0.00024800458195880804,-0.03711458269581293
CACTA,0.0005645155785822951,0.0007357598232319291,-0.3822215042191264
CACTC,0.0005163350171101218,0.0005632012529454575,-0.1253431005679258
CACTG,0.0005119184656418393,0.0005995700995977631,-0.22801439088836167
CACTT,0.0010374880903674612,0.0013088915768590444,-0.33525081993683703
CAGAA,0.0006974136273097058,0.0007687755138099088,-0.14054783137605117
CAGAC,0.00021360048919330082,0.00028218098040866976,-0.4017057994069846
CAGAG,0.0004239889409551234,0.0004355233870384268,-0.03872355676464101
CAGAT,0.0009053930509979198,0.0007592319157522116,0.25400359371437703
CAGCA,0.0001923207412097577,0.00031145661228836264,-0.6955168401025731
CAGCC,0.00010158068377049832,0.00014650712693978468,-0.5283447569259896
CAGCG,6.18317205559555e-05,6.977143985424604e-05,-0.1742894552475314
CAGCT,0.0004705634837115574,0.0005166439705288534,-0.13478106350607771
CAGGA,0.00020597190029354007,0.0002565164396859434,-0.31660375734230756
CAGGC,7.307385156612923e-05,0.00012600128786986763,-0.7860113238853069
CAGGG,0.0001051942258809113,0.00012625922295250808,-0.2633332601818625
CAGGT,0.00019754030203590977,0.00022775667797153145,-0.20534633442484396
CAGTA,0.000417564866092167,0.0005736476237923963,-0.45816447181067055
CAGTC,0.00026619760213375646,0.00039786486497291875,-0.5797809260398104
CAGTG,0.0004545032965541664,0.00046234863563303526,-0.024690372873002516
CAGTT,0.0009069990697136589,0.0011632872227085014,-0.3590343748652766
CATAA,0.0011113649512914598,0.0013934942839651174,-0.3263744362257629
CATAC,0.00046173038077499236,0.0007371784661864518,-0.6749632673796968
CATAG,0.0006082795885861856,0.0007456903239135871,-0.2938420272323537
CATAT,0.0015706863039928437,0.002135573516721738,-0.4432284876537988
CATCA,0.0009150291632923544,0.0011809557758693733,-0.36806531006770365
CATCC,0.00029912098580640807,0.0004426166018110396,-0.5653284342656396
CATCG,0.0003625587250781027,0.0002588378554297076,0.48616606400262363
CATCT,0.001215354663135567,0.001549416041421279,-0.35034720081457416
CATGA,0.0009154306679712892,0.0011671562489481086,-0.3504751799214438
CATGC,0.0004043152116873194,0.0006113061458579044,-0.5964145878944546
CATGG,0.0005006763346316656,0.0006169807176759946,-0.3013471364840528
CATGT,0.0012972616176382611,0.0016177688383210026,-0.3185360209654623
CATTA,0.0011788177373525022,0.0016082252402633054,-0.44812880398943744
CATTC,0.0008841133030143767,0.0012447947088228886,-0.493604658767
CATTG,0.0013354045621370649,0.0015481263660080766,-0.21324636242663697
CATTT,0.0028269944443797576,0.0033657948933754405,-0.2516782156358711
CCAAA,0.001050336240093374,0.0011278211488454375,-0.10268705542655009
CCAAC,0.0003224082571846251,0.0004258508214394093,-0.4014594395115613
CCAAG,0.00036536925783064615,0.00045061258937289405,-0.30253236994631855
CCAAT,0.0009214532381553108,0.0008364834730030311,0.139573917729746
CCACA,0.00035171809874686376,0.0004485491087117703,-0.3508463698210313
CCACC,0.00018228312423638828,0.0002178261772898735,-0.2569963376260884
CCACG,0.00010077767441262877,0.0001008526173124222,-0.001072455472198092
CCACT,0.0004207769035236452,0.0005073583075537965,-0.2699494528566977
CCAGA,0.0003095601074587123,0.0003053951378463117,0.019542472170466858
CCAGC,0.00010479272120197653,0.00014998925055543095,-0.5173205970189515
CCAGG,7.467987028186833e-05,0.00011129898815936106,-0.5756491501865414
CCAGT,0.0002918939015855821,0.00038767642920862035,-0.4094089521123881
CCATA,0.0005203500638994696,0.0007562656623018462,-0.539410597364805
CCATC,0.00044004912811251444,0.0005495306935655128,-0.3205354653333105
CCATG,0.0004520942684805577,0.0006118220160231853,-0.436488394581392
CCATT,0.0010523437634880478,0.0012994769463426676,-0.30432498052144147
CCCAA,0.00042760248306553643,0.00042095005486924046,0.022621161026087227
CCCAC,0.00016301089964751905,0.00020131833200088368,-0.3045101169083503
CCCAG,0.00012004989900149802,0.00011323350127916456,0.08433333254712923
CCCAT,0.0003392714536998857,0.0004210790224105607,-0.31165095737986415
CCCCA,0.0001887071990993447,0.00019486995493487203,-0.04636221071544704
CCCCC,9.836864633902011e-05,9.73704936967759e-05,0.014713892674511671
CCCCG,4.697604743536879e-05,4.371999650755898e-05,0.10363204433144287
CCCCT,0.00018308613359425784,0.00025703230985122435,-0.4894271927899342
CCCGA,0.00012165591771723712,9.943397435789963e-05,0.2909957214422989
CCCGC,5.099109422471655e-05,5.158701652809319e-05,-0.016762715118176376
CCCGG,5.6210655050868635e-05,5.016837357357063e-05,0.16406545984315674
CCCGT,8.833102936565072e-05,0.00010601131896523152,-0.263226082272641
CCCTA,0.0003878535198509936,0.00033492870480864506,0.21165786804174816
CCCTC,0.0002762352191071259,0.00031532563852796963,-0.19094520725311562
CCCTG,0.0001706394885472798,0.00027160564202041064,-0.6705619021162704
CCCTT,0.0005902118780341207,0.0007180912700710572,-0.28293426824061935
CCGAA,0.0002637885740601478,0.00021331231334366537,0.30641482903543715
CCGAC,0.00010920927267025906,8.36999343168312e-05,0.38379696113558315
CCGAG,0.0001437386750586498,0.00012367987212610342,0.21683756013050784
CCGAT,0.000451692763801623,0.00021124883268254163,1.096398432347773
CCGCA,7.949792642908564e-05,0.00010962241012219803,-0.46355362306107223
CCGCC,7.387686092399878e-05,5.2489789317334826e-05,0.493085759675148
CCGCG,4.6173038077499236e-05,2.9920469586294052e-05,0.6259178437011852
CCGCT,0.00011081529138599816,0.00011852117047329412,-0.0969878066264834
CCGGA,0.00015016274992160622,0.00010575338388259104,0.5058231482665729
CCGGC,7.628588899760743e-05,4.7202120123205274e-05,0.6925645579312874
CCGGG,4.4968524040694906e-05,4.8491795536407604e-05,-0.10882514173565118
CCGGT,0.00019151773185188814,0.0001646915502659375,0.21771143418716998
CCGTA,0.00018910870377827948,0.00017462205094759546,0.11498001392216872
CCGTC,0.00014213265634291069,0.00012251916425422133,0.21423063474906934
CCGTG,0.00015457930138988875,0.00014250913315885745,0.11729276918785216
CCGTT,0.000387050510493124,0.00033802392580033067,0.19539648578592608
CCTAA,0.0006757323746472279,0.0007357598232319291,-0.1227829219617128
CCTAC,0.00020998694708288784,0.00029507773454069306,-0.4907954126470657
CCTAG,0.00033043835076332063,0.0003623987911098547,-0.13319700680228053
CCTAT,0.00047859357729025296,0.0006614745194314749,-0.4668845476307738
CCTCA,0.00039146706196140654,0.000511485268876044,-0.3858017657074927
CCTCC,0.0002674021161705608,0.00029920469586294053,-0.16212193505929023
CCTCG,0.00017947259148384486,0.0001443146787373407,0.31454548809130595
CCTCT,0.0009419299767809844,0.00099640322424012,-0.08110987631904053
CCTGA,0.0004039137070083846,0.0005460485699498664,-0.4349821763176799
CCTGC,0.00015979886221604084,0.00027044493414852855,-0.7590777376685615
CCTGG,0.00017786657276810575,0.00023046499633925635,-0.37375224260209006
CCTGT,0.0003742023607672112,0.0005960879759821169,-0.6717066119289684
CCTTA,0.0006982166366675754,0.0009248262388073908,-0.40550759706550743
CCTTC,0.0006817549448312496,0.0007471089668681097,-0.13206541823438578
CCTTG,0.0006512405892322066,0.0008384179861228346,-0.3644790467131743
CCTTT,0.001732894194282493,0.0019614673359394236,-0.17874974037628827
CGAAA,0.000722306917403662,0.0004947194885044137,0.5460012541177338
CGAAC,0.0002176155359826486,0.00017500895357155615,0.3143528238193998
CGAAG,0.0002521449383710393,0.0001907429936126246,0.40262319967694143
CGAAT,0.000872871172004203,0.0004362971922863482,1.0004575511177032
CGACA,0.00017786657276810575,0.00016959231683610638,0.06872459225973589
CGACC,0.00011483033817534593,9.530701303565218e-05,0.2688495705166207
CGACG,0.00010559573055984608,5.1200113904132495e-05,1.0443325800337266
CGACT,0.00021801704066158335,0.0002080246441495358,0.06768645253310111
CGAGA,0.00039548210875075434,0.00021988965795099723,0.8468326783165862
CGAGC,0.0001284814972591283,0.0001114279557006813,0.20544938060827592
CGAGG,0.0001284814972591283,0.00010459267601070895,0.2967787785544716
CGAGT,0.00034489251920497254,0.00028334168828055185,0.2836039545995693
CGATA,0.00035854367828875493,0.0003317045162756392,0.11225022567765792
CGATC,0.0005813787750975556,0.0002267249376409696,1.3585353198241834
CGATG,0.00041555734269749315,0.0002698000964419274,0.6231567040241285
CGATT,0.0015694817899560393,0.0005918320471185491,1.4070285657614006
CGCAA,0.00018228312423638828,0.00018132836309624756,0.007576396102761895
CGCAC,8.150544982375953e-05,7.415633625913397e-05,0.13632655923782083
CGCAG,7.749040303441176e-05,8.099161594910632e-05,-0.06375492373916457
CGCAT,0.00021480500323010514,0.00021963172286835678,-0.032058850505650965
CGCCA,0.00011924688964362846,9.89181041926187e-05,0.26964514118221455
CGCCC,2.6499308809695214e-05,2.9146664338372656e-05,-0.13737605517235213
CGCCG,9.114156211819414e-05,2.772802138385009e-05,1.716764425585837
CGCCT,0.0001300875159748674,0.00011645768981217038,0.15967661328814853
CGCGA,8.150544982375953e-05,4.243032109435665e-05,0.9418009313343171
CGCGC,3.573391642519506e-05,1.908719611539448e-05,0.9046888532218301
CGCGG,3.573391642519506e-05,2.6954216135928694e-05,0.40678308676989716
CGCGT,9.19445714760637e-05,5.1071146362812264e-05,0.8482559559017165
CGCTA,0.00015417779671095396,0.00015708246532804377,-0.02692712930079399
CGCTC,0.00014494318909545414,0.00012974134656815439,0.15984922496602622
CGCTG,0.0001453446937743889,0.00013154689214663764,0.1439012381087295
CGCTT,0.0004227844269183191,0.00032512717166830737,0.3789181060515593
CGGAA,0.000274227695712452,0.00019022712344734364,0.5276513170379069
CGGAC,6.102871119808595e-05,5.94540365486274e-05,0.03771336089862984
CGGAG,0.00013972362826930202,9.02772789241631e-05,0.6301411719007814
CGGAT,0.0003762098841618851,0.00022724080780625052,0.7273158166231555
CGGCA,7.949792642908564e-05,7.31245959285721e-05,0.12056048302176293
CGGCC,5.0188084866847e-05,3.55950414043843e-05,0.4956686157683003
CGGCG,7.66873936765422e-05,2.8759761714411954e-05,1.4149377159998262
CGGCT,0.00014414017973758458,0.00012716199574174973,0.180804985329522
CGGGA,9.595961826541145e-05,7.738052479213979e-05,0.31045690536924975
CGGGC,2.4491785415021333e-05,3.0436339751574982e-05,-0.3134969239145728
CGGGG,4.537002871962968e-05,4.2301353553036416e-05,0.10103574568148636
CGGGT,0.00012727698322232398,0.00012522748262194623,0.02342033260459707
CGGTA,0.00014333717037971503,0.00014212223053489673,0.012280543342324538
CGGTC,0.00012526945982765011,0.00010923550749823733,0.19759284741443217
CGGTG,0.00019031321781508382,0.00015153686105127376,0.32870699533027936
CGGTT,0.00047819207261131817,0.00048620763077727834,-0.023982322407530447
CGTAA,0.0004023076882926455,0.00034537507565558394,0.22013533575528
CGTAC,0.000170237983868345,0.00017101095979062892,-0.006535817665006246
CGTAG,0.0002577660038761262,0.00020544529332313115,0.3273077234813755
CGTAT,0.00048220711940066596,0.0004079243331958969,0.24135138307262266
CGTCA,0.0002537509570867784,0.0002155047615461093,0.2356935180002971
CGTCC,0.00011844388028575891,0.00011555491702292876,0.035625010075981775
CGTCG,0.00017907108680491007,7.222182313933047e-05,1.3100256708597204
CGTCT,0.00048180561472173117,0.0003506627448497135,0.45836704235550313
CGTGA,0.00032963534140545105,0.00025948269313630877,0.3452326098566598
CGTGC,0.00011964839432256324,0.00011697355997745131,0.03261856781802155
CGTGG,0.00017826807744704054,0.000155534854832201,0.19681046233440344
CGTGT,0.00045651081994884025,0.0003531131281347979,0.37051859551873045
CGTTA,0.000521554577936274,0.0004320412634227805,0.2716491230997662
CGTTC,0.0003593466876466245,0.00029378805912749073,0.29060062832788913
CGTTG,0.0006118931306965986,0.0004105036840223016,0.5758845337417834
CGTTT,0.0015164831723366488,0.0010897757241559688,0.4766982302676457
CTAAA,0.001417713021318694,0.0016283441767092617,-0.19984014211900558
CTAAC,0.0005488568961038387,0.000897872022671462,-0.7100797832332403
CTAAG,0.0006335743833590765,0.0007495593501531941,-0.2425287097350005
CTAAT,0.0017268716240984715,0.0018196030404871672,-0.07546291375010603
CTACA,0.0005874013452815773,0.0007049365808563934,-0.26314690250033757
CTACC,0.00023327421846110484,0.000329898970697156,-0.4999974075927258
CTACG,0.00019272224588869245,0.00017913591489380362,0.10546849951150815
CTACT,0.0008552049661310729,0.001039607350582398,-0.2816966037367393
CTAGA,0.0007997973204380737,0.0007869599371360616,0.023344255373807042
CTAGC,0.0003224082571846251,0.0004235294056956451,-0.3935734463761082
CTAGG,0.00045530630591203593,0.000369234070799827,0.30230175782725816
CTAGT,0.0008676516111780509,0.0009890520743848668,-0.18893060955032018
CTATA,0.0011551289612953505,0.0014174822466506806,-0.2952767396749944
CTATC,0.0007399731232767921,0.0008727233521140166,-0.23805152969447174
CTATG,0.0009451420142124626,0.0010220677649628463,-0.11288782699130537
CTATT,0.0015738983414243218,0.00173809555437278,-0.14316503888508855
CTCAA,0.0012406494579084578,0.00120674928413342,0.03996957258081124
CTCAC,0.0005617050458297516,0.0006478039600515303,-0.20574452462269396
CTCAG,0.0004882296895846876,0.0005109693987107631,-0.06567686356151872
CTCAT,0.0011727951671684806,0.0015385827679503794,-0.3916509918690293
CTCCA,0.0006010525043653596,0.0006048577687918927,-0.009104913459939917
CTCCC,0.00026780362084949556,0.0002874686496027993,-0.1022291621907853
CTCCG,0.00029831797644853855,0.00013464211313832323,1.147721191853094
CTCCT,0.0007881536847489652,0.0007861861318881403,0.00360605785723101
CTCGA,0.0006195217195963593,0.0003398294713788139,0.8663438879305403
CTCGC,0.00020998694708288784,0.00015605072499748192,0.42828459196936675
CTCGG,0.00018148011487851873,0.0001657232905964994,0.13103510621832928
CTCGT,0.0005962344482181424,0.0004231425030716844,0.4947361250540908
CTCTA,0.0013060947205748262,0.001275875886281065,0.03377153328087655
CTCTC,0.0023283256331427657,0.0016022927333625746,0.5391550964294729
CTCTG,0.0016678504362950593,0.0013924625436345555,0.2603514010831462
CTCTT,0.0029040833427352347,0.002828000246070069,0.03830061138228943
CTGAA,0.00124586901873461,0.0013603496258458175,-0.1268250864514589
CTGAC,0.0003175902010374078,0.0005443719919127034,-0.777426441600515
CTGAG,0.0006139006540912725,0.0006352941085434676,-0.04941943325377381
CTGAT,0.001718841530519776,0.001672837978464742,0.03913881999643206
CTGCA,0.0004520942684805577,0.0006643118053405201,-0.5552369247586786
CTGCC,0.00014253416102184548,0.00026747868069816323,-0.9081161765367991
CTGCG,0.00017626055405236664,0.00013838217183660998,0.34905155666321863
CTGCT,0.0007415791419925313,0.0009263738493032335,-0.32099386131690744
CTGGA,0.0006383924395062938,0.0005282510492476743,0.27321983805610006
CTGGC,0.00017947259148384486,0.0002607723685495111,-0.5390274728353146
CTGGG,0.00042840549242340595,0.000200931429376923,1.092273730647138
CTGGT,0.0006632857296002499,0.0007649064875703018,-0.2056528971465365
CTGTA,0.0007785175724545306,0.0009125743223819685,-0.22921245669928375
CTGTC,0.0005099109422471655,0.000653736466952261,-0.3584638790455659
CTGTG,0.0009387179393495062,0.0009169592187868565,0.0338341579092608
CTGTT,0.0022331690242352238,0.0022255928605632606,0.004902753078044698
CTTAA,0.0016871226608839286,0.0019192949499277072,-0.18601156903128052
CTTAC,0.0008467733678734425,0.0011610947745060575,-0.4554379366413708
CTTAG,0.001078843072297743,0.0010977717117178231,-0.025093041603641324
CTTAT,0.0019183893559503596,0.0024574764998570395,-0.3572820613588161
CTTCA,0.0014843627980218668,0.0015402593459875424,-0.053329540740880206
CTTCC,0.0008070244046588996,0.0008477036490978914,-0.07094769576070556
CTTCG,0.000709860272356684,0.00038225979247317055,0.8929816149699801
CTTCT,0.00330639103102788,0.002840897000202092,0.21891082934722117
CTTGA,0.0017192430351987108,0.0018190871703218862,-0.08144117720304209
CTTGC,0.0006749293652893584,0.0009141219328778114,-0.4376500914344686
CTTGG,0.0008363342462211383,0.0009699648782694723,-0.21385286963006633
CTTGT,0.002229153977445876,0.002494877086839907,-0.16247246786793573
CTTTA,0.002293796230754375,0.0024520598631215897,-0.09625696522999334
CTTTC,0.0022199193698303763,0.002368101993722118,-0.09322394182836467
CTTTG,0.0026531429184009996,0.002644221499688737,0.00485935936685669
CTTTT,0.005064981524762199,0.005174177757767747,-0.030772611751498
GAAAA,0.0021263687796385733,0.0020184709892029666,0.07512897594270025
GAAAC,0.0011334477086328725,0.0012030092254351333,-0.08592987186642141
GAAAG,0.000962406715406658,0.000984151307814698,-0.032233429717629165
GAAAT,0.00234799936241057,0.0018902772531306548,0.3128341619363449
GAACA,0.0007271249735508792,0.0008135272506480297,-0.16198732595596022
GAACC,0.00039427759471395,0.00047988822125258693,-0.2834866729266971
GAACG,0.00017947259148384486,0.00017823314210456198,0.009997908679441517
GAACT,0.0008435613304419643,0.0010214229272562452,-0.2760154804095437
GAAGA,0.0011422808115694376,0.0009811850543643326,0.21932019421776305
GAAGC,0.0005022823533474048,0.0004975567744134588,0.013637434001098554
GAAGG,0.0003027345279168211,0.0003210002103460599,-0.08452101382798928
GAAGT,0.0008893328638405288,0.0009337249991584868,-0.07027421064380476
GAATA,0.001039495613762135,0.001189596601137829,-0.19458875986727847
GAATC,0.0016574113146427551,0.0011703804374811142,0.501954115537161
GAATG,0.0009583916686173102,0.001054438617834225,-0.13778784197146265
GAATT,0.0030458144943992104,0.001924582619121837,0.6622824720620393
GACAA,0.0006126961400544682,0.0006833990014559146,-0.15755637732442296
GACAC,0.00026579609745482167,0.0003407322441680555,-0.35831855655522776
GACAG,0.00018750268506254037,0.00026180410888007296,-0.4815764844784946
GACAT,0.0006279533178539897,0.0008839435282088769,-0.49329689132743987
GACCA,0.00031357515424806004,0.0004117933594355039,-0.3931093115437319
GACCC,0.00012326193643297622,0.00015437414696031887,-0.3247038036889403
GACCG,8.110394514482475e-05,9.414630516377008e-05,-0.2151323831312026
GACCT,0.0003039390419536254,0.0003878053967499406,-0.3515508747038892
GACGA,0.00028225778929114753,0.000200931429376923,0.49031014889524843
GACGC,7.106632817145534e-05,8.034677824250515e-05,-0.17707401505662232
GACGG,8.672501064991161e-05,7.27376933046114e-05,0.25374493764905737
GACGT,0.0001871011803836056,0.0001943540847695911,-0.054868769059161396
GACTA,0.0004962597831633831,0.0006630221299273178,-0.41796148096157015
GACTC,0.00042880699710234074,0.00048079099404182854,-0.16508142508234405
GACTG,0.00034047596773669,0.00048827111143840205,-0.5201294532561237
GACTT,0.0010133978096313746,0.0011173747779984985,-0.1409125447413958
GAGAA,0.0011988929712992411,0.0009900838147154287,0.2760803052583209
GAGAC,0.00041033778187134104,0.00041346993747266695,-0.010970441332544465
GAGAG,0.0006155066728070115,0.000556881843420766,0.1444032415206545
GAGAT,0.0013647144036993035,0.0010598552545696748,0.3647318192583976
GAGCA,0.0003071510793851036,0.00034202191958125785,-0.15514033464819124
GAGCC,0.00013490557212208473,0.00017062405716666823,-0.3388711356155341
GAGCG,7.066482349252057e-05,7.131905035008884e-05,-0.013295263713027793
GAGCT,0.0006821564495101843,0.0006256215429444502,0.12481246087378499
GAGGA,0.0004496852404069491,0.00041966037945603813,0.09969326915682093
GAGGC,0.00015658682478456262,0.00017500895357155615,-0.16046590378486128
GAGGG,0.0001706394885472798,0.0001626280696048138,0.06937525858122633
GAGGT,0.00036817979058318957,0.00037052374621302935,-0.009155566053087037
GAGTA,0.0006231352617067723,0.0006751450788114197,-0.11565219174666094
GAGTC,0.0004549048012331012,0.00046170379792643407,-0.02140293844672084
GAGTG,0.0004990703159159266,0.000494332585880453,0.013761086136349547
GAGTT,0.0014418033020547805,0.001335716825453653,0.11026017230880385
GATAA,0.0012354298970823057,0.0012493085727690969,-0.016116710117209953
GATAC,0.0005600990271140125,0.0006671490912495652,-0.2523272816028228
GATAG,0.0006444150096903155,0.000709063542178641,-0.13792482161890557
GATAT,0.0014855673120586711,0.0017473812173478367,-0.23418041195275435
GATCA,0.0011089559232178511,0.0009787346710792481,0.18021231276034702
GATCC,0.0006468240377639241,0.00045306297265797847,0.5136617053685798
GATCG,0.000560902036471882,0.00023652647078130728,1.245747169698791
GATCT,0.002083809283671487,0.0013210145257431464,0.657576913581167
GATGA,0.0014405987880179761,0.0013153399539250561,0.13123287868152672
GATGC,0.0005127214749997089,0.0005655226686892217,-0.14140952974498944
GATGG,0.0005564854850035995,0.0005877050857963017,-0.07874832520164367
GATGT,0.0012607246918551966,0.001289288510578369,-0.032321874439546976
GATTA,0.0019348510477866854,0.0015750805821440055,0.296796866763205
GATTC,0.0023592414934207437,0.0014592677300384362,0.6930785042864075
GATTG,0.002063332545045814,0.0015292971049753227,0.43210764329973483
GATTT,0.0051890464705530446,0.0032160635779026497,0.6901735287716629
GCAAA,0.000738367104561053,0.0008540230586225828,-0.20993674310067933
GCAAC,0.0002858713314015605,0.00039309306594407015,-0.4595049686425421
GCAAG,0.0002890833688330387,0.0003862577862540978,-0.4180784034620911
GCAAT,0.0007146783285039012,0.0007551049544299641,-0.07938314165043511
GCACA,0.00023327421846110484,0.000344859205490303,-0.5639806088044417
GCACC,9.877015101795489e-05,0.00014728093218770605,-0.5764236421392205
GCACG,6.624827202423803e-05,7.892813528798259e-05,-0.2526568405624538
GCACT,0.00021400199387223558,0.00035130758255631463,-0.7151104773685131
GCAGA,0.0003107646214955166,0.00037000787604774845,-0.25173370873987194
GCAGC,0.0001569883294634974,0.00019486995493487203,-0.31185435997309435
GCAGG,7.307385156612923e-05,0.00012135845638233924,-0.7318474846454582
GCAGT,0.00026700061149162604,0.0003869026239606989,-0.5351274671103088
GCATA,0.0005183425405047957,0.0007615533314959757,-0.5550392710929466
GCATC,0.00034690004259964644,0.0005263165361278708,-0.6014107052102499
GCATG,0.0004854191568321441,0.0006106613081513032,-0.33114139322224156
GCATT,0.0008981659667770938,0.001187920023100666,-0.403383747944464
GCCAA,0.0003344533975526684,0.00038316256526241217,-0.19615141658548452
GCCAC,0.00014775372184799756,0.00019022712344734364,-0.36452849519517067
GCCAG,8.150544982375953e-05,0.0001349000482209637,-0.7269224311773829
GCCAT,0.0003324458741579945,0.00044700149821592754,-0.4271601937764624
GCCCA,0.00013570858147995428,0.00011813426784933342,0.20008443606962278
GCCCC,4.697604743536879e-05,6.590241361463906e-05,-0.4884059734698347
GCCCG,2.4491785415021333e-05,2.901769679705242e-05,-0.24463506576976857
GCCCT,0.00014654920781119322,0.00017913591489380362,-0.289669442329631
GCCGA,0.00010559573055984608,7.11900828087686e-05,0.5688033203985156
GCCGC,5.540764569299908e-05,4.268825617699712e-05,0.3762458378553334
GCCGG,5.540764569299908e-05,4.2301353553036416e-05,0.3893812400444677
GCCGT,0.00011322431945960682,0.00010459267601070895,0.11440203606590271
GCCTA,0.00020115384414632275,0.0003291251654492346,-0.7103370326852789
GCCTC,0.0002071764143303444,0.0002739270577641749,-0.40293200749651736
GCCTG,0.000123663441111911,0.0002251773271451268,-0.8646425150501563
GCCTT,0.0004504882497648186,0.0006263953481923716,-0.47558402253054716
GCGAA,0.00021520650790903993,0.0001657232905964994,0.37694533426091426
GCGAC,7.146783285039012e-05,7.222182313933047e-05,-0.01514079809418653
GCGAG,0.00013249654404847607,9.427527270509031e-05,0.4910034061777607
GCGAT,0.0003027345279168211,0.0001681736738815838,0.8481013469219689
GCGCA,5.7816673766607736e-05,6.435480311879625e-05,-0.15456221601056588
GCGCC,3.0112850920108198e-05,3.0952209916855916e-05,-0.03966311722825541
GCGCG,2.690081348862999e-05,1.9216163656714713e-05,0.48532945787999315
GCGCT,7.026331881358579e-05,8.808483072171912e-05,-0.3261218685733795
GCGGA,9.074005743925936e-05,7.841226512270166e-05,0.2106602368559844
GCGGC,5.17941035825861e-05,3.933510010267106e-05,0.3969706108573876
GCGGG,3.17188696358473e-05,4.062477551587339e-05,-0.3570184823257939
GCGGT,9.314908551286803e-05,0.00011852117047329412,-0.3475312682770802
GCGTA,0.0001754575446944971,0.00015269756892315585,0.20044489175603075
GCGTC,0.0001369130955167586,0.00010614028650655174,0.36728809648692895
GCGTG,0.0001268754785433892,0.00011774736522537271,0.10771848607726316
GCGTT,0.00039789113682436297,0.00030010746865218214,0.40689453966552175
GCTAA,0.0007126708051092273,0.0008887153272377255,-0.3184855449352912
GCTAC,0.00031598418232166867,0.0004063767227000541,-0.362965425625671
GCTAG,0.00037701289351975463,0.0004206921197866,-0.15815093117372753
GCTAT,0.0006668992717106629,0.0008119796401521869,-0.2839746796607281
GCTCA,0.0005219560826152088,0.0005728738185444749,-0.1342889817467816
GCTCC,0.00023327421846110484,0.00022646700255832912,0.04272601175355304
GCTCG,0.0002469253775448872,0.0001474098997290263,0.7442416998965065
GCTCT,0.0008499854053049207,0.0008733681898206178,-0.039151916003670226
GCTGA,0.0005733486815188601,0.0006821093260427122,-0.25059020812785565
GCTGC,0.00027944725653860405,0.0003394425687548532,-0.280591490002131
GCTGG,0.0002585690132339957,0.00025986959576026943,-0.0072384574163304235
GCTGT,0.0004882296895846876,0.0006240739324486074,-0.35415692254883113
GCTTA,0.0010439121652304176,0.001163545157791142,-0.1565268749191538
GCTTC,0.0010435106605514827,0.0009324353237452845,0.16236977451810278
GCTTG,0.0009142261539344849,0.0009480403962450327,-0.052397442278148354
GCTTT,0.002082604769634683,0.002011506741971674,0.05011250164533796
GGAAA,0.001019821884494331,0.0009290821676709584,0.1344391036376346
GGAAC,0.0004047167163662542,0.0004310095230922186,-0.09080730667688908
GGAAG,0.0004657454275643401,0.000445066985096124,0.06551911946380103
GGAAT,0.0010832596237660256,0.0008251343293668506,0.3926781437169762
GGACA,0.00022604713424027886,0.00028837142239204093,-0.35130457287857836
GGACC,0.00012567096450658488,0.0001556638223735212,-0.30878232593802085
GGACG,7.708889835547698e-05,7.609084937893746e-05,0.018800144356334807
GGACT,0.00030032549984321244,0.0003644622717709784,-0.2792425025619203
GGAGA,0.0005512659241774474,0.0004543526480711808,0.278935938536519
GGAGC,0.000170237983868345,0.0001685605765055445,0.01428581665214832
GGAGG,0.0001838891429521274,0.00017887797981116314,0.03986050365772341
GGAGT,0.0003854444917773849,0.000397993832514239,-0.0462229630778342
GGATA,0.0006114916260176638,0.0006173676202999552,-0.013797076348091667
GGATC,0.0006713158231789454,0.0004507415569142143,0.5746911797024662
GGATG,0.0004537002871962968,0.00048466002028143553,-0.09523350623312324
GGATT,0.0017694311200655577,0.0011542594948160852,0.6163180021228372
GGCAA,0.00027021264892310425,0.0002970122476604966,-0.1364272132981463
GGCAC,8.712651532884639e-05,0.00014173532791093605,-0.7020156506203696
GGCAG,0.00011924688964362846,0.0001426381007001777,-0.25840776154955913
GGCAT,0.00028426531268582137,0.00039863867022084013,-0.4878436008908437
GGCCA,0.0001453446937743889,0.00017733036931532036,-0.2869612283317968
GGCCC,6.062720651915117e-05,6.267822508163323e-05,-0.04799897639631983
GGCCG,5.5006141014064305e-05,4.1269613222474556e-05,0.41451277595754643
GGCCT,0.00014654920781119322,0.0002091853520214179,-0.5133966625655112
GGCGA,0.00012406494579084577,8.911657105228099e-05,0.47732991540049835
GGCGC,2.8105327525434318e-05,3.5852976487024766e-05,-0.3512492678941586
GGCGG,6.544526266636848e-05,4.410689913151968e-05,0.5692844272295619
GGCGT,0.00011884538496469369,0.00010252919534958522,0.2130511033416143
GGCTA,0.0003252187899371685,0.0003706527137543496,-0.18865746080096707
GGCTC,0.0002320697044243005,0.00027586157088397835,-0.24938629677998325
GGCTG,0.0002252441248824093,0.0002632227518345955,-0.2247947185395442
GGCTT,0.0006656947576738585,0.0007298273163311985,-0.13269434270263505
GGGAA,0.0005155320077522524,0.0004195314119147179,0.2972831679655535
GGGAC,0.00012968601129593265,0.00015114995842731304,-0.22095771184394053
GGGAG,0.00016541992772112769,0.00016868954404686474,-0.028237510430481994
GGGAT,0.0005259711294045565,0.00039515654660519386,0.4125593023842376
GGGCA,0.00011322431945960682,0.00012174535900629993,-0.10468290907866544
GGGCC,5.9021187803412066e-05,6.680518640388069e-05,-0.17872715496580738
GGGCG,2.569629945182566e-05,3.133911254081662e-05,-0.2864037157213989
GGGCT,0.00019312375056762724,0.00017642759652607872,0.13044935676852626
GGGGA,0.00022805465763495276,0.00018945331819942226,0.26753722683278447
GGGGC,4.7377552114303566e-05,5.8680231300706006e-05,-0.3086708978398351
GGGGG,0.00010158068377049832,8.073368086646584e-05,0.3313835156460742
GGGGT,0.0002601750319497348,0.000202608007414086,0.3607913254748105
GGGTA,0.0002786442471807345,0.00023858995144243101,0.22389108505896882
GGGTC,0.00025495547112358276,0.00018893744803414133,0.43233662023430014
GGGTG,0.00017786657276810575,0.0002057032284057716,-0.20976903221283116
GGGTT,0.0016281014730805165,0.0006982302687077414,1.2214158147740537
GGTAA,0.0005291831668360347,0.0005234792502188257,0.015634818194740455
GGTAC,0.0002176155359826486,0.0002514867055744543,-0.20870057939871914
GGTAG,0.0003344533975526684,0.0003373790880937295,-0.01256535224815276
GGTAT,0.0005452433539934258,0.0006412266154441984,-0.2339340289233709
GGTCA,0.00036496775315171136,0.0004156623856751109,-0.1876432009810558
GGTCC,0.00018067710552064918,0.00020686393627765372,-0.1952684473535012
GGTCG,0.00016260939496858426,0.00012303503441950226,0.4023414296508579
GGTCT,0.0006010525043653596,0.0006238159973659669,-0.05362952850306375
GGTGA,0.0005898103733551859,0.0005152253275743307,0.19504768062532313
GGTGC,0.00015417779671095396,0.00020428458545124906,-0.4059853314740713
GGTGG,0.000324415780579299,0.0003021709493133059,0.10247903177304131
GGTGT,0.000611090121338729,0.0006218814842461635,-0.025254504214598593
GGTTA,0.0009981406318318531,0.0009179909591174183,0.12076315142708197
GGTTC,0.0008391447789736818,0.0006922977618070106,0.27752705865244376
GGTTG,0.0008893328638405288,0.0007796087872808084,0.18997314719027714
GGTTT,0.0033882979855305744,0.002359203233371022,0.522261053995672
GTAAA,0.0012089305882726105,0.00125653075508303,-0.05571456986337778
GTAAC,0.0005560839803246647,0.0007502041878597953,-0.43198054000701575
GTAAG,0.0004392461187546449,0.0005011678655704254,-0.19026437490840575
GTAAT,0.0014289551523288676,0.001313534408346573,0.1215066455409172
GTACA,0.00041475433333962357,0.0005490148234002318,-0.4045880480322658
GTACC,0.000200752339467388,0.0002556136668967018,-0.3485481746400189
GTACG,0.0001786695821259753,0.00014715196464638584,0.2799872374494607
GTACT,0.000580575765739686,0.0007330515048642042,-0.33643021440728027
GTAGA,0.000838743274294747,0.0008024360420944896,0.06384288541710878
GTAGC,0.00037982342627229806,0.0004231425030716844,-0.15581471729464244
GTAGG,0.0002561599851603871,0.00029391702666881097,-0.19836380761604544
GTAGT,0.0008572124895257466,0.0008738840599858986,-0.0277890169399637
GTATA,0.0012430584859820664,0.0013283656755983997,-0.09575817292915041
GTATC,0.0007684799554811612,0.000790442060751708,-0.04065208708397577
GTATG,0.0007656694227286178,0.0009539729031457633,-0.31722664425053554
GTATT,0.00149640793838991,0.0016413698983826052,-0.1333968761315552
GTCAA,0.0007761085443809219,0.000811463769986906,-0.06426824532006879
GTCAC,0.00036456624847277657,0.0004632514084222769,-0.34561435956584985
GTCAG,0.0002750307050703215,0.00032680374970547036,-0.24883184340853817
GTCAT,0.0006950045992360972,0.0009948556137442772,-0.5174646333777407
GTCCA,0.00029912098580640807,0.00041966037945603813,-0.48849313243862186
GTCCC,0.00014132964698504113,0.00021602063171139024,-0.6121049737108176
GTCCG,0.00010800475863345474,8.576341497795494e-05,0.3326606200524544
GTCCT,0.0003842399777405806,0.0005161281003635724,-0.4257215495353334
GTCGA,0.000344089509847103,0.00022221107369476144,0.6308531957719338
GTCGC,0.00012727698322232398,9.698359107281521e-05,0.3921589663461521
GTCGG,0.00014895823588480188,0.00011697355997745131,0.3487254239766632
GTCGT,0.0003557331455362115,0.0002888872925573219,0.30028865949443406
GTCTA,0.0007215039080457924,0.0008419001097384809,-0.22264186057717167
GTCTC,0.0009363089112758976,0.0008648563320934824,0.11452409329109432
GTCTG,0.0006175141962016854,0.0006752740463527399,-0.12900080609903203
GTCTT,0.001679092567305233,0.0017262305405713184,-0.03994338405417866
GTGAA,0.0012719668228653703,0.0011399440977295392,0.15809796371318918
GTGAC,0.00039869414618223255,0.0005006519954051444,-0.32852570730090763
GTGAG,0.0005243651106888174,0.0004801461563352274,0.12709806857930023
GTGAT,0.001578716397571539,0.001389883192808151,0.1837883845881203
GTGCA,0.00032481728525823373,0.00043268610112938167,-0.41369237077318616
GTGCC,0.0001304890206538022,0.00019422511722827086,-0.5738013588717289
GTGCG,9.636112294434623e-05,9.608081828357357e-05,0.004202768143376833
GTGCT,0.0005335997183043172,0.0006386472646177937,-0.25926142205370806
GTGGA,0.0006849669822627278,0.0005957010733581562,0.20144588835363558
GTGGC,0.00025254644304997407,0.0002949487669993728,-0.22391565564800112
GTGGG,0.00033003684608438584,0.00026115927117347176,0.33769717890671597
GTGGT,0.000754427291718444,0.000772773507590836,-0.03466376915431341
GTGTA,0.000947952546965006,0.0009894389770088274,-0.06179589090510603
GTGTC,0.0005725456721609905,0.0006310381796799,-0.14033651310477013
GTGTG,0.0011940749151520237,0.0010313534279379033,0.21135454737990902
GTGTT,0.0024503830555389376,0.0021146807750278603,0.21256740033523222
GTTAA,0.0015421794717884745,0.0015678583998300724,-0.02382459994982843
GTTAC,0.0008110394514482474,0.0009742208071330399,-0.26447670291663344
GTTAG,0.001055555800919526,0.0009464927857491898,0.15733943262008776
GTTAT,0.001849330551173578,0.0020767643178797117,-0.16733438433230066
GTTCA,0.0011089559232178511,0.001126531473432235,-0.022685595661688797
GTTCC,0.0006267488038171853,0.0006149172370148708,0.027495089400129853
GTTCG,0.0005006763346316656,0.0002897900653465635,0.788870128534145
GTTCT,0.0022138967996463547,0.0020093142937692298,0.13988472694554155
GTTGA,0.0019127682904452727,0.0015602493148921786,0.2938855403991809
GTTGC,0.0007279279829087488,0.000761166428872015,-0.06441620780346681
GTTGG,0.0008616290409940292,0.0008631797540563194,-0.0025941503243926676
GTTGT,0.0021608981820269643,0.0020173102813310843,0.09919809526808726
GTTTA,0.002855099771905192,0.0025124166724594587,0.18446541342881956
GTTTC,0.0031763035150530125,0.0026003725356398577,0.2886304552929155
GTTTG,0.0030976085979817964,0.0026528623249571924,0.22360505593018315
GTTTT,0.006484702069475567,0.005494662097948526,0.2390095300817955
TAAAA,0.0026928918816155425,0.0028113634332397586,-0.062113659762996695
TAAAC,0.0012089305882726105,0.0014969262521039443,-0.30827173355531284
TAAAG,0.001404864871592781,0.001360091690763177,0.04672745574439933
TAAAT,0.002509002738663415,0.00260720781532983,-0.0553915362985899
TAACA,0.001080850595692417,0.0015474815283014756,-0.5177550732921671
TAACC,0.0005621065505086863,0.0007778032417023251,-0.4685616201433164
TAACG,0.0003593466876466245,0.0003773590259030017,-0.07056139410248576
TAACT,0.0013598963475520863,0.0018856344216431264,-0.47155330763796105
TAAGA,0.0013125187954377826,0.001404456524977337,-0.09767388395262097
TAAGC,0.0006058705605125769,0.000722347198934625,-0.2536828345362929
TAAGG,0.0005050928860999481,0.0005305724649914385,-0.0710010837612625
TAAGT,0.00117359817652635,0.0013946549918369994,-0.24896973939156436
TAATA,0.001732894194282493,0.00215878767415938,-0.31703778499159996
TAATC,0.0017172355118040368,0.0016301497222877448,0.07508343669625063
TAATG,0.0015694817899560393,0.0018140574362103972,-0.20893184479423457
TAATT,0.0037536672433612205,0.003223930597923184,0.21948007614335063
TACAA,0.00115593197065322,0.0013803395947504537,-0.2559667519705923
TACAC,0.0005576899990404038,0.0007045496782324327,-0.33723803583221956
TACAG,0.0004075272491187976,0.0005357311666442478,-0.39461270088772676
TACAT,0.0014185160306765636,0.0018580353678005965,-0.3893955091292305
TACCA,0.0005424328212408823,0.000761166428872015,-0.48876745822194034
TACCC,0.0002356832465347135,0.00030101024144142376,-0.35296336471291345
TACCG,0.00017144249790514935,0.00018893744803414133,-0.14018390180473758
TACCT,0.0005737501861977949,0.0008466719087673295,-0.5613803068000505
TACGA,0.0004673514462800792,0.0003185498270609755,0.5529888043206259
TACGC,0.00014494318909545414,0.0001493444128488298,-0.04315572321768315
TACGG,0.0001622078902896495,0.0001657232905964994,-0.030932373445063534
TACGT,0.0004793965866481225,0.0004473884008398882,0.09969178386280483
TACTA,0.0010467226979829609,0.0013379092736560969,-0.35410099894349945
TACTC,0.0008355312368632688,0.0010148455826489134,-0.28049455536642337
TACTG,0.0007757070397019872,0.0010421867014088026,-0.42602995123738896
TACTT,0.002002303833847728,0.002464053844464371,-0.29937287372286725
TAGAA,0.0014907868728848233,0.0015335530338388905,-0.04080403863282488
TAGAC,0.0005066989048156873,0.0006252346403204895,-0.30326900060601947
TAGAG,0.0008756817047567463,0.0008617611111017968,0.023118575190162444
TAGAT,0.0020942484053237914,0.0016906354991669341,0.3088669265918793
TAGCA,0.0005271756434413608,0.0007191230104016191,-0.4479548570911541
TAGCC,0.00025455396644464797,0.0003389266985895723,-0.4130017422985401
TAGCG,0.0001802756008417144,0.00015334240662975702,0.23344742287987336
TAGCT,0.0013161323375481956,0.0012561438524590692,0.06730287001413651
TAGGA,0.0007395716185978574,0.0006986171713317021,0.08218775850466507
TAGGC,0.000290287882869843,0.0003473095887753874,-0.2587378896661717
TAGGG,0.0008006003297959433,0.0003554345438785621,1.1714983095782867
TAGGT,0.0008885298544826592,0.0006692125719106889,0.40895570314664514
TAGTA,0.0010900852033079167,0.0013615103337176995,-0.32076702889471465
TAGTC,0.000700625664741184,0.0008268109074040137,-0.2389135843995704
TAGTG,0.0010772370535820038,0.0010352224541775102,0.057394944878238
TAGTT,0.00244636800874959,0.002510869061963616,-0.03754535044446917
TATAA,0.002164913228816312,0.0024364547906218417,-0.17047425108432462
TATAC,0.0010820551097292213,0.0013402306893998612,-0.308707369923631
TATAG,0.001353070768010195,0.0014018771741509325,-0.05112265596106858
TATAT,0.004008221209805868,0.004477624067097169,-0.15977127565259977
TATCA,0.001396031768656216,0.0016742566214192646,-0.2621889012259187
TATCC,0.0005829847938132947,0.0007806405276113703,-0.421200109830065
TATCG,0.0005661215972980341,0.0004402951860672754,0.36264089214279993
TATCT,0.0022536457628608976,0.0026052733022100265,-0.2091739594589986
TATGA,0.0017694311200655577,0.0020264669767648207,-0.1956810634530419
TATGC,0.0007985928064012694,0.0010656587939290852,-0.4162136037074525
TATGG,0.0009082035837504632,0.001047345403061612,-0.2056496710619171
TATGT,0.002425891270123916,0.0027426237337160745,-0.1770418199473644
TATTA,0.0021926170516628116,0.0025556207988017368,-0.22101992388771693
TATTC,0.0015494065560093004,0.001863838907160007,-0.2665614230068068
TATTG,0.0022580623143291802,0.0023408898425035488,-0.05197174595398102
TATTT,0.004335447523137711,0.00484376291690531,-0.15994733033994368
TCAAA,0.0023026293336909404,0.002216952035294805,0.05470463442214623
TCAAC,0.0008001988251170085,0.0009290821676709584,-0.21544768318283586
TCAAG,0.0009009764995296372,0.0009916314252112713,-0.13831451551955865
TCAAT,0.002442352961960242,0.0019827469802572617,0.3007711236304959
TCACA,0.0009286803223761368,0.0011254997331016732,-0.27731174330088976
TCACC,0.0004348295672863624,0.0005174177757767747,-0.25087957511947107
TCACG,0.0002770382284649954,0.00024297484784731893,0.18927808993713063
TCACT,0.001274375850938979,0.0014365694427660753,-0.1728368998563325
TCAGA,0.001008981258163092,0.0008946478341384562,0.17350757452094537
TCAGC,0.00040672423976092803,0.00044158486148047774,-0.11863973971562657
TCAGG,0.00031518117296379914,0.0003244823339617062,-0.041958575215917455
TCAGT,0.0009925195663267662,0.0011383964872336966,-0.1978356665970672
TCATA,0.0015433839858252788,0.0019343841522621746,-0.32577728873694906
TCATC,0.001449833395633476,0.0014836425953479602,-0.03325646760627575
TCATG,0.001345843683789369,0.0016020347982799341,-0.25139463086297253
TCATT,0.002612992450507522,0.0030641398142274155,-0.2297791713651623
TCCAA,0.001041503137156809,0.0010062047573804577,0.04974326911151969
TCCAC,0.00045651081994884025,0.000499878190157223,-0.13092752863845103
TCCAG,0.00033646092094734227,0.0003839363705103336,-0.19042828465430217
TCCAT,0.0011290311571645901,0.0013514508654947214,-0.2594237611591032
TCCCA,0.00041354981930281925,0.0005036182488555098,-0.28426942307437886
TCCCC,0.00026820512552843035,0.00027276634989229273,-0.02432886764887747
TCCCG,0.00016662444175793203,0.00012625922295250808,0.4002112645149744
TCCCT,0.0006251427851014462,0.000746206194078868,-0.25538859096618044
TCCGA,0.0005227590919730783,0.00023214157437641936,1.1711413298329807
TCCGC,0.00013089052533273696,0.00011748943014273225,0.15582969831340907
TCCGG,0.00024291033075553946,0.0001450884839852621,0.7434908339419396
TCCGT,0.00045731382930670983,0.00031506770344532915,0.537522671325238
TCCTA,0.000648831561158598,0.0008313247713502218,-0.35756820242336806
TCCTC,0.0009632097247645275,0.0008771082485189045,0.13509505371587466
TCCTG,0.0005504629148195779,0.0006982302687077414,-0.34305752855135546
TCCTT,0.0018437094856684913,0.0019791358891002955,-0.10225932500259396
TCGAA,0.001051942258809113,0.0005407609007557369,0.9599927694628052
TCGAC,0.00026820512552843035,0.00020970122218669883,0.3550015382834067
TCGAG,0.0004858206615110789,0.0002961094748712549,0.7142931933706513
TCGAT,0.0016562068006059508,0.00068636525490628,1.2708343968827025
TCGCA,0.0002593720225918653,0.00020402665036860858,0.3462652581055153
TCGCC,0.00018107861019958397,0.00011516801439896805,0.6528760460185403
TCGCG,0.00011804237560682413,4.9652503408289695e-05,1.2493664971384828
TCGCT,0.0005083049235314264,0.0003335100618541225,0.6079639175024693
TCGGA,0.0004219814175604495,0.00023188363929377891,0.8637784363321132
TCGGC,0.00013932212359036726,0.00010149745501902336,0.4569808149551567
TCGGG,0.00015257177799521485,0.00011220176094860269,0.44339280547923926
TCGGT,0.00045851834334351415,0.0003997993780927222,0.19770322308562505
TCGTA,0.0006267488038171853,0.0004564161287323045,0.4575375634370608
TCGTC,0.0005721441674820558,0.00034808339402330883,0.716945730356997
TCGTG,0.0005918178967498598,0.0003805832144360075,0.6369413915474449
TCGTT,0.0016224804075754297,0.00100194882851689,0.6953922277594327
TCTAA,0.0017995439709856658,0.0019398007889976244,-0.1082771458538067
TCTAC,0.0008937494153088113,0.0009370781552328129,-0.06829898518914315
TCTAG,0.0010997213156023514,0.0010154904203555145,0.11496134143071947
TCTAT,0.002188200500194529,0.0022178548080840467,-0.019419987237542534
TCTCA,0.0017995439709856658,0.0018144443388343578,-0.011896446124158829
TCTCC,0.001139871783495829,0.0009061259453159569,0.3310880603864026
TCTCG,0.0008736741813620725,0.0004989754173679815,0.8081266156915051
TCTCT,0.005024028047510852,0.00369775734473372,0.44219396343716005
TCTGA,0.0020472723578884226,0.001851586990734585,0.14494071197548536
TCTGC,0.0008371372555790079,0.0009234075958528681,-0.14150341593521049
TCTGG,0.0011314401852381987,0.0008044995227556134,0.4919968468198669
TCTGT,0.002707747554736129,0.0023789352671930177,0.18677722631453128
TCTTA,0.002629052637664913,0.0029261445450147663,-0.1544580099423166
TCTTC,0.003617155652523397,0.00271786196578259,0.41238349435072635
TCTTG,0.002575251010687653,0.002802593640429983,-0.12204951807146926
TCTTT,0.00572666123564671,0.0057887080921586575,-0.015547145026203501
TGAAA,0.0027715867986867586,0.002622168050122977,0.07995204138118359
TGAAC,0.0008580154988836162,0.0010870674057882439,-0.34136578693213665
TGAAG,0.0012101351023094148,0.0011806978407867329,0.03552831879750701
TGAAT,0.0031598418232166867,0.0025810274044418225,0.29190688159052885
TGACA,0.0007339505530927705,0.0010398652856650386,-0.502641863828657
TGACC,0.0003456955285628421,0.0004972988393308184,-0.5246111209487353
TGACG,0.00026499308809695214,0.00024658593900428547,0.1038641941494494
TGACT,0.0010941002500972645,0.0013483556445030359,-0.3014561390409084
TGAGA,0.001457060479854302,0.0012668481583886487,0.20181714560519606
TGAGC,0.0005645155785822951,0.0005571397785034065,0.018974069906086837
TGAGG,0.0005042898767420786,0.00048427311765747487,0.058432344374374785
TGAGT,0.0013912137125089987,0.0013618972363416604,0.030726210663142368
TGATA,0.0018613756915416215,0.0021300279124449677,-0.19450306428532285
TGATC,0.0019167833372346205,0.0015430966318965877,0.31285886254029754
TGATG,0.0019806225811852497,0.002023242788231815,-0.03071546031327439
TGATT,0.005416298118830128,0.003914551781693032,0.4684600209670977
TGCAA,0.0009543766218279624,0.0011565809105598495,-0.27723558697861
TGCAC,0.0002718186676388433,0.0004493229139596917,-0.7251080971394859
TGCAG,0.0003565361548940811,0.0005143225547850892,-0.5286250401637077
TGCAT,0.0012201727192827842,0.0016408540282173243,-0.4273615209109141
TGCCA,0.00032642330397397284,0.0005021996059009872,-0.6215168387608847
TGCCC,0.00016140488093177994,0.00017733036931532036,-0.13575542423607354
TGCCG,0.0001019821884494331,0.00010459267601070895,-0.03646462956072484
TGCCT,0.0004380416047178406,0.000689718410980606,-0.6549395758853632
TGCGA,0.00032963534140545105,0.00022234004123608165,0.5681031405730889
TGCGC,7.909642175015087e-05,9.633875336621404e-05,-0.28450382544847874
TGCGG,0.00011081529138599816,0.00013773733413000882,-0.3137626870250026
TGCGT,0.0004649424182064706,0.00035053377730839326,0.4074985851062276
TGCTA,0.0008455688538366382,0.001116472005209257,-0.40095293523468456
TGCTC,0.0007853431519964218,0.0008489933245110937,-0.11243003958187102
TGCTG,0.0006395969535430981,0.000869628131122331,-0.4432355429183868
TGCTT,0.00231186394130644,0.0024719208644849054,-0.09657606356785219
TGGAA,0.0014209250587501722,0.0012642688075622439,0.16852722666500403
TGGAC,0.0003388699490209509,0.0004391344781953933,-0.3739311063078662
TGGAG,0.000672118832536815,0.0005963459110647574,0.17256691793404696
TGGAT,0.0018790418974147516,0.0014189008896052034,0.40522341470982115
TGGCA,0.000351316594067929,0.0004948484560457339,-0.49421505499871976
TGGCC,0.0002035628722199314,0.00025187360819841503,-0.3072255089990691
TGGCG,0.00016782895579473635,0.00014057462003905395,0.2556555003009763
TGGCT,0.0007451926841029442,0.0008982589252954227,-0.269517854476661
TGGGA,0.0006741263559314889,0.0005530128171811591,0.2857061123636399
TGGGC,0.00019914632075164888,0.0001924195716497876,0.049573278016019795
TGGGG,0.0003838384730616458,0.0002865658768135577,0.4216324944760386
TGGGT,0.0011527199332217418,0.0006341334006715856,0.8621837632709489
TGGTA,0.0009001734901717677,0.00102954788235942,-0.19373594505356728
TGGTC,0.0006412029722588372,0.0007785770469502466,-0.28005870051710974
TGGTG,0.0010206248938522005,0.0009921472953765523,0.04082650988250607
TGGTT,0.0028627283608049525,0.0026977430293366337,0.08563784963082816
TGTAA,0.0016590173333584943,0.0017178476503855033,-0.050273135209182626
TGTAC,0.0006251427851014462,0.0007665830656074648,-0.294256383575177
TGTAG,0.0010491317260565697,0.0010777817428131871,-0.03886922331900994
TGTAT,0.0021797689019368988,0.0023662964481436346,-0.11845563566829445
TGTCA,0.0008672501064991161,0.001200687809691369,-0.46934106751094284
TGTCC,0.00039708812746649345,0.00057016550017675,-0.5219215203105732
TGTCG,0.00040672423976092803,0.00031480976836268873,0.3695706669043664
TGTCT,0.0018625802055784258,0.0020102170665584713,-0.11004874282109726
TGTGA,0.0018947005798932077,0.0017876190902397493,0.08393052020024817
TGTGC,0.0005829847938132947,0.0007170595297404954,-0.29863464173073717
TGTGG,0.0010563588102773956,0.001015232485272874,0.05728981571103181
TGTGT,0.0030249362510946023,0.00271257429658846,0.1572420856066373
TGTTA,0.002425891270123916,0.002660342442353766,-0.13309707358689424
TGTTC,0.0022484262020347453,0.0020223400154425735,0.15288995503566213
TGTTG,0.0029542714276020814,0.002746105857331721,0.10541514191256099
TGTTT,0.007108238835861274,0.006524338947849266,0.12366042266816284
TTAAA,0.002908901398882452,0.0029519380532788127,-0.021188051431305456
TTAAC,0.0013285789825951736,0.0016626495427004436,-0.3236001088626242
TTAAG,0.0015317403501361702,0.0016068065973087826,-0.06902452753967614
TTAAT,0.003296353414054511,0.0031759546725520574,0.05368060501998437
TTACA,0.0014418033020547805,0.0018212796185243301,-0.3370780758781519
TTACC,0.0007162843472196403,0.0009230206932289074,-0.3658305765120485
TTACG,0.0005568869896825343,0.00044003725098463493,0.339758928889695
TTACT,0.0021584891539533557,0.002537436375475584,-0.23334980461906848
TTAGA,0.002043257311099075,0.0017727878229879227,0.20485101983574952
TTAGC,0.001066396427250765,0.000980927119281692,0.1205259956007159
TTAGG,0.001541376462430605,0.0008970982174235406,0.7808814154247448
TTAGT,0.00234799936241057,0.0023611377464908254,-0.008050192763842117
TTATA,0.002842251622179279,0.003180597504039586,-0.16226353346590952
TTATC,0.0019778120484327064,0.002075216707383869,-0.06935666652085927
TTATG,0.002458413149117633,0.0026689832676222215,-0.11856287247939547
TTATT,0.004284857933591929,0.0046053019330042,-0.10404837352959612
TTCAA,0.002654347432437804,0.0022991043591157933,0.20728526687845047
TTCAC,0.0012378389251559143,0.0013259152923133153,-0.09916501524877322
TTCAG,0.0011808252607471762,0.0011621265148366194,0.02302835341948621
TTCAT,0.003122501888075753,0.003332908170338781,-0.09407912408220509
TTCCA,0.0012089305882726105,0.0013431969428502266,-0.1519394383189493
TTCCC,0.0007235114314404663,0.000767743773479347,-0.08560909533019158
TTCCG,0.0006114916260176638,0.0003538869333827193,0.7890442481988623
TTCCT,0.0019244119261343812,0.002017052346248444,-0.06783087969136993
TTCGA,0.0015225057425206706,0.0006821093260427122,1.1583727767413035
TTCGC,0.00044486718425973176,0.00027495879809473673,0.6941592311743947
TTCGG,0.0004882296895846876,0.000362011888485894,0.43152295281544345
TTCGT,0.0016999708106098415,0.000976413255335484,0.7999461890190114
TTCTA,0.0023042353524066793,0.0023762269488252926,-0.04438455191814347
TTCTC,0.003551710389857028,0.0027769290997072564,0.35502360476360506
TTCTG,0.002761950686392324,0.0024779823389269565,0.15652165589908895
TTCTT,0.006736847007846606,0.006390212704876224,0.07620958286803063
TTGAA,0.003555323931967441,0.002937235753568306,0.2755219459468834
TTGAC,0.0011820297747839805,0.0012984452060121057,-0.13551875721958423
TTGAG,0.00193525255246562,0.0015819158618339778,0.29084898336101495
TTGAT,0.0054889704657173225,0.004044422095802506,0.4406020048262074
TTGCA,0.001179219242031437,0.0015114995842731307,-0.358148611100377
TTGCC,0.0004842146427953398,0.0006096295678207413,-0.3322861695741826
TTGCG,0.0004645409135275358,0.00034653578352746603,0.4228013309787059
TTGCT,0.002295803754149049,0.0023882209301680744,-0.05693697861853328
TTGGA,0.0020191670303629883,0.0015758543873919267,0.35762602623859563
TTGGC,0.0006897850384099451,0.0007917317361649102,-0.19886484547949135
TTGGG,0.0011679771110212633,0.000789410320421146,0.5651647161781248
TTGGT,0.0029113104269560606,0.0026888442689855375,0.11468247881787165
TTGTA,0.0022841601184599406,0.0023722289550443653,-0.05457947149801122
TTGTC,0.001618465360786082,0.0017446728989801118,-0.10833008867452137
TTGTG,0.0030100805779740155,0.0027047072765679263,0.15432964417588704
TTGTT,0.006990597964933384,0.006239836551696833,0.16390762762003178
TTTAA,0.003648874522159244,0.0035993551107063823,0.01971309533412957
TTTAC,0.002007121889994945,0.0022617037721329256,-0.17228175152145425
TTTAG,0.003000042961000646,0.0023877050600027935,0.32935852097644863
TTTAT,0.005083049235314264,0.004997621193700348,0.024452651904386075
TTTCA,0.003495098230127225,0.003449107925068311,0.01910973080544234
TTTCC,0.002073771666698118,0.002122934697672355,-0.033802939554224566
TTTCG,0.00186378471961523,0.0010659167290117256,0.8061404910491884
TTTCT,0.006877775150152712,0.006381184976983808,0.10811759642167307
TTTGA,0.005587740616735277,0.00415713972691639,0.4266738126597775
TTTGC,0.002022780572473401,0.002146277822651317,-0.08549700883620266
TTTGG,0.003614345119770853,0.002840123194954171,0.34778075979664264
TTTGT,0.006748892148214649,0.005903876106557625,0.19298825207574924
TTTTA,0.0054066620065356934,0.005146449736383897,0.07116063385263718
TTTTC,0.005532332971042278,0.005273224829501686,0.0692024808262727
TTTTG,0.00805619138282628,0.006400401140640523,0.3319356285617236
TTTTT,0.014199212970528351,0.011456702565641576,0.3096190950978399
